Grupos com alocacao
1 27
2 453
3 272
4 172
5 413
6 16
7 188
8 226
9 309
10 334
11 253
12 281
13 26
14 35
15 189
16 379
17 86
18 382
19 303
20 440
21 134
22 75
23 382
24 155
25 155
26 26
27 334
28 200
29 155
30 275
31 40
32 260
33 450
34 107
35 447
36 396
37 101
38 252
39 445
40 77
41 283
42 390
43 447
44 75
45 320
46 254
47 256
48 107
49 75
50 372
51 260
52 181
53 80
54 418
55 447
56 194
57 142
58 240
59 26
60 26
61 27
62 3
63 41
64 447
65 87
66 463
67 371
68 91
69 263
70 377
71 194
72 39
73 97
74 67
75 188
76 105
77 143
78 485
79 114
80 343
81 22
82 289
83 224
84 349
85 468
86 199
88 132
89 487
90 101
91 234
92 432
93 225
94 400
95 66
96 253
97 267
98 401
99 339
100 269
101 335
102 160
103 10
104 283
105 360
106 465
107 431
108 167
109 40
110 408
111 221
112 379
113 142
114 255
115 490
117 75
118 381
119 438
120 179
121 193
122 209
123 122
124 107
125 450
126 276
127 369
128 365
129 312
130 465
131 208
132 371
133 189
134 419
135 217
136 165
137 22
138 464
139 253
140 203
141 419
142 312
143 142
144 35
145 237
146 358
147 416
148 199
149 285
150 380
151 184
152 384
153 472
154 179
155 297
156 456
157 44
158 69
159 174
160 315
161 375
162 165
163 321
164 203
165 446
166 204
167 209
168 252
169 416
170 379
171 284
172 463
173 399
174 35
175 496
176 450
177 186
178 280
179 426
180 346
181 453
182 343
183 425
184 115
185 260
186 486
187 142
188 42
190 500
191 113
192 480
193 115
194 309
195 332
197 431
198 44
199 217
200 454
201 105
202 332
203 322
204 390
205 309
206 224
207 179
208 137
209 99
210 174
211 433
212 333
213 189
214 9
215 25
216 184
217 255
218 263
219 256
220 240
221 472
222 474
223 261
224 461
225 62
226 375
227 297
228 396
229 161
230 179
231 134
232 150
233 311
234 179
235 455
236 177
237 237
238 369
240 83
241 142
242 432
243 311
244 18
245 125
246 194
247 260
248 152
249 41
250 178
251 236
252 364
253 2
254 500
255 456
256 457
257 441
258 62
259 420
260 56
261 435
262 209
263 142
264 488
265 365
266 75
267 236
268 283
269 272
270 498
271 78
273 40
275 6
276 83
277 75
278 198
279 253
281 68
282 312
283 105
284 120
285 107
286 196
287 263
288 225
289 267
290 99
291 359
292 174
293 70
294 480
295 452
296 346
297 229
298 92
299 75
300 110
Candidatos nao alocados
87
116
189
196
239
272
274
280
