Grupos com alocacao
1 786
2 257
3 550
4 991
5 445
6 490
7 580
8 819
9 332
10 238
11 47
12 278
14 818
15 672
16 85
17 937
19 253
20 616
21 892
22 237
23 716
24 661
25 511
26 325
27 41
28 55
29 487
31 903
32 99
34 86
35 62
36 289
37 818
38 138
39 783
40 918
41 6
42 199
43 707
44 274
45 522
46 93
48 87
49 547
50 144
51 233
52 444
53 387
54 487
55 54
56 590
57 599
58 199
59 171
60 836
61 107
62 523
63 502
64 805
65 523
66 237
67 855
69 987
70 836
71 106
72 824
73 695
74 938
75 944
76 194
77 487
78 716
79 238
80 697
81 363
82 182
83 633
84 94
85 862
86 858
87 832
89 284
90 848
91 701
92 264
93 615
94 20
95 341
96 767
97 332
99 624
100 315
101 438
102 85
103 516
104 194
105 710
106 779
107 445
108 307
109 756
110 734
112 193
113 906
114 361
115 155
117 816
118 545
119 185
120 431
121 485
122 71
123 473
124 318
125 470
126 303
127 101
128 441
129 697
130 279
131 965
132 55
133 54
134 922
135 792
136 58
137 461
139 55
140 88
141 861
142 41
143 804
144 781
145 965
146 339
147 661
148 405
149 80
150 690
151 563
152 221
153 837
154 138
156 273
157 458
158 165
159 635
160 542
161 348
162 134
163 157
164 758
166 35
167 858
168 357
169 334
170 673
171 607
172 384
173 86
174 824
175 481
176 547
177 274
178 797
179 2
180 676
181 856
182 125
183 338
184 208
185 72
186 585
187 154
188 483
190 858
191 410
192 338
193 550
194 681
195 626
196 729
197 686
198 280
199 625
200 738
201 376
202 31
203 729
204 461
205 45
206 207
207 474
209 858
210 861
211 491
212 996
215 180
216 384
217 41
219 523
220 257
221 977
222 583
223 522
224 268
225 706
226 957
227 334
228 119
229 733
230 672
231 474
232 180
233 786
234 842
235 454
236 118
237 798
239 33
241 440
242 519
243 953
244 535
245 735
246 679
247 525
248 874
249 944
250 500
252 85
253 145
254 138
256 289
257 78
259 502
260 133
261 770
263 446
264 559
265 371
266 231
267 311
268 965
269 497
270 898
271 562
272 676
273 520
274 357
275 103
276 929
277 793
278 697
279 313
280 553
281 343
282 585
283 100
284 993
285 725
286 700
287 515
288 725
289 661
290 379
291 752
292 444
293 981
294 732
295 981
296 647
297 961
298 76
299 428
300 99
301 564
302 912
303 858
304 428
305 169
306 674
307 544
308 154
309 657
310 112
311 761
313 682
314 658
315 690
316 515
317 492
318 531
319 287
320 343
321 142
322 238
323 858
325 809
326 761
327 384
328 107
330 258
332 496
333 563
334 588
335 20
336 2
337 166
338 630
339 687
340 523
341 144
342 89
343 661
344 546
346 491
347 864
348 906
349 673
350 71
351 383
352 974
353 965
354 463
355 875
357 742
358 461
359 145
360 871
361 255
362 547
363 357
364 445
365 951
366 918
367 712
369 474
370 221
371 234
372 342
373 273
374 467
375 598
376 779
377 772
378 471
379 425
380 274
381 620
382 695
383 929
384 622
385 514
387 614
388 714
389 418
390 2
391 798
392 738
393 500
394 233
395 102
396 230
397 135
399 753
400 580
401 987
402 539
403 258
404 916
405 500
406 520
407 160
408 94
409 599
410 29
411 738
412 321
413 45
414 348
415 519
417 670
418 323
419 987
420 470
421 771
422 764
423 384
424 340
425 86
426 410
427 81
428 727
429 194
430 318
431 515
432 505
433 246
434 960
435 523
436 237
437 519
438 309
439 698
440 102
441 339
442 949
443 71
444 681
446 935
447 420
448 355
449 627
450 395
451 392
453 689
454 343
455 824
456 978
457 441
458 641
459 546
460 846
461 944
462 725
463 733
464 1
465 598
466 678
467 454
468 580
469 318
470 123
471 770
472 661
473 694
474 533
475 627
476 395
477 449
478 623
479 316
480 708
481 112
482 796
484 539
485 819
486 796
487 513
488 506
489 648
490 567
491 477
492 145
493 499
494 423
495 969
496 546
497 786
498 406
499 512
500 148
501 523
502 395
504 978
505 833
506 717
507 832
508 707
510 340
511 797
512 378
513 74
514 720
515 622
516 993
519 788
520 860
521 629
522 439
523 864
524 160
525 861
526 808
527 186
528 716
529 899
530 328
531 804
532 837
533 160
534 422
535 961
537 80
538 233
539 599
540 802
541 41
542 628
543 531
544 276
545 163
546 965
547 818
548 338
549 363
550 454
551 605
552 124
554 768
555 511
556 892
557 626
558 125
560 772
562 497
563 686
564 638
565 830
566 547
567 457
568 743
569 426
570 406
571 781
572 386
573 199
574 965
575 628
576 560
577 344
578 195
579 385
580 49
581 86
582 88
583 296
584 706
585 634
586 965
587 511
588 576
590 668
591 338
592 119
593 89
594 452
595 625
596 20
597 636
599 234
600 655
601 885
602 906
603 907
604 71
605 297
606 187
607 405
608 292
609 747
610 143
611 446
612 595
613 950
615 188
616 951
618 517
619 588
620 788
622 758
623 392
624 511
625 991
626 225
627 949
628 617
629 520
630 665
631 275
632 256
633 791
634 454
636 867
637 349
638 236
639 698
640 409
641 982
642 197
643 638
644 55
645 752
646 199
647 814
648 85
650 90
651 586
652 831
653 13
654 796
656 145
657 469
658 736
659 445
661 980
662 618
663 432
664 418
665 267
666 726
667 860
668 636
669 515
670 847
671 276
672 322
674 809
675 623
676 957
679 499
680 540
682 202
683 452
684 483
685 169
686 559
687 86
688 598
689 922
690 383
691 903
692 763
693 150
694 647
695 99
696 690
697 681
698 78
699 312
700 588
702 784
703 11
704 818
705 315
706 756
708 664
709 291
710 247
711 998
712 799
713 874
714 182
715 332
716 647
717 974
718 978
719 973
720 441
721 858
722 200
723 733
724 90
725 912
726 672
727 23
728 138
729 506
730 772
731 258
732 428
733 112
734 363
735 515
736 523
737 523
738 265
739 788
740 69
741 749
742 238
743 221
744 115
745 253
746 442
747 361
748 847
749 516
750 698
751 415
752 431
753 770
754 892
755 310
756 791
757 466
758 237
759 160
760 694
761 799
762 980
763 676
764 591
765 343
766 686
767 383
768 471
769 82
770 338
771 338
772 264
773 499
774 954
775 119
776 431
777 756
778 229
779 761
780 402
781 397
782 280
783 334
784 965
785 360
786 297
787 873
788 628
789 871
790 120
792 970
793 276
794 134
795 80
796 62
798 278
799 474
800 434
801 654
802 781
803 256
805 958
806 523
807 407
808 231
809 474
810 752
811 770
812 86
813 347
814 523
815 441
816 528
817 381
818 791
819 292
820 153
821 686
822 523
823 428
824 338
825 657
826 931
828 51
829 864
830 819
831 260
832 469
834 672
836 199
837 138
838 825
839 383
840 855
842 80
843 496
844 392
846 304
847 123
848 918
849 951
850 690
851 703
852 491
853 138
854 75
855 786
856 788
857 688
858 560
859 695
860 949
861 497
862 528
863 229
864 150
865 263
866 846
868 343
869 826
870 684
871 974
872 622
874 411
875 978
877 778
879 943
880 944
881 554
882 598
883 247
884 809
885 760
887 346
888 122
889 440
890 332
891 334
892 551
893 193
894 130
895 547
896 60
897 474
898 558
899 114
900 801
901 540
902 74
903 532
904 21
905 974
906 874
907 698
908 837
909 378
911 768
912 342
913 61
914 727
915 315
916 811
917 431
918 763
919 134
920 229
921 350
923 286
925 483
926 957
927 793
928 233
929 194
930 520
931 106
932 630
933 57
934 589
935 645
936 722
937 311
938 681
939 591
940 774
943 127
944 779
945 467
946 511
947 919
948 376
949 702
950 56
951 957
952 442
953 150
954 689
955 980
956 20
957 62
958 830
959 339
960 681
961 858
962 219
963 272
964 199
965 361
966 974
967 541
968 548
969 244
970 968
971 207
972 681
973 712
974 180
975 389
976 599
977 688
978 33
979 519
980 810
981 233
982 943
983 983
984 486
985 452
986 381
987 325
988 758
989 477
990 450
991 41
992 191
993 309
994 509
995 268
996 685
997 547
998 143
999 846
1000 762
1001 694
1003 725
1004 991
1005 12
1007 903
1008 48
1009 995
1010 767
1011 568
1012 665
1013 534
1014 580
1015 85
1016 511
1017 674
1018 745
1019 634
1020 553
1021 583
1023 539
1025 808
1026 603
1027 379
1028 973
1029 276
1031 585
1033 102
1034 698
1035 623
1036 428
1037 797
1038 620
1039 714
1040 221
1041 823
1042 786
1043 768
1044 981
1045 548
1046 45
1047 974
1048 729
1049 585
1050 389
1051 738
1052 265
1053 575
1054 627
1055 264
1056 233
1057 913
1058 600
1059 138
1060 768
1061 818
1062 922
1063 469
1064 957
1065 720
1066 771
1067 12
1068 334
1069 62
1070 113
1071 506
1072 239
1073 702
1074 523
1077 342
1078 926
1079 412
1080 598
1081 661
1082 122
1083 762
1084 961
1085 221
1086 678
1087 690
1089 780
1090 657
1091 539
1092 338
1093 145
1094 471
1095 546
1096 483
1097 710
1098 922
1099 712
1100 599
1101 225
1103 690
1104 233
1105 735
1106 515
1107 678
1108 150
1109 106
1110 346
1111 426
1112 787
1113 238
1114 725
1115 700
1116 367
1117 500
1118 72
1119 395
1120 35
1121 334
1122 738
1123 650
1124 854
1125 169
1126 112
1127 20
1128 312
1130 218
1131 903
1132 420
1133 425
1134 221
1135 613
1136 931
1137 951
1138 711
1139 474
1140 993
1141 289
1142 840
1143 389
1144 253
1145 535
1146 710
1148 23
1149 223
1150 583
1151 713
1152 735
1153 588
1155 210
1156 360
1157 76
1158 599
1159 39
1160 921
1163 806
1164 570
1165 169
1166 486
1167 588
1168 754
1169 331
1170 615
1171 663
1172 104
1173 264
1174 386
1175 279
1176 75
1177 539
1178 630
1179 895
1180 264
1181 710
1182 775
1183 834
1184 990
1185 357
1186 160
1187 966
1188 483
1189 99
1190 309
1191 570
1192 675
1193 136
1194 895
1195 395
1196 733
1197 541
1199 797
1201 112
1202 943
1203 374
1204 978
1205 58
1206 957
1207 51
1210 613
1211 818
1212 537
1213 355
1214 613
1215 905
1216 990
1217 548
1219 67
1220 154
1221 477
1222 257
1223 907
1224 434
1225 355
1226 515
1227 83
1228 965
1229 963
1230 257
1231 944
1232 965
1233 580
1234 918
1235 680
1236 767
1237 796
1238 602
1239 283
1240 760
1241 583
1242 131
1243 424
1244 846
1245 856
1246 784
1247 195
1248 987
1249 973
1250 454
1251 154
1252 402
1253 326
1254 539
1255 858
1256 588
1257 73
1258 495
1259 764
1260 379
1261 444
1262 960
1263 765
1264 520
1265 987
1266 733
1267 289
1269 398
1270 863
1271 175
1272 272
1273 134
1274 400
1275 958
1277 515
1279 365
1280 58
1281 668
1282 729
1283 73
1284 471
1285 276
1286 519
1288 149
1289 931
1290 253
1291 115
1292 697
1293 632
1294 772
1295 520
1296 916
1297 514
1298 871
1299 770
1300 599
1301 354
1302 148
1303 361
1304 260
1305 217
1306 879
1307 570
1308 395
1309 733
1310 692
1311 357
1312 767
1313 813
1314 767
1315 928
1317 125
1318 27
1319 394
1320 931
1321 288
1322 874
1323 286
1324 906
1325 468
1326 38
1327 682
1328 958
1329 506
1330 991
1331 41
1332 848
1334 762
1335 583
1336 560
1338 603
1339 469
1340 996
1341 237
1342 764
1343 654
1345 734
1346 474
1348 480
1351 221
1352 538
1353 630
1354 696
1355 211
1356 33
1357 991
1358 747
1359 505
1360 36
1361 238
1362 255
1363 80
1364 962
1365 714
1366 11
1368 244
1369 583
1370 988
1371 379
1372 20
1373 930
1374 59
1375 49
1376 779
1377 745
1378 237
1379 11
1380 714
1381 761
1383 837
1384 731
1385 411
1386 398
1387 133
1388 909
1389 445
1390 374
1391 669
1392 588
1393 539
1394 119
1395 922
1397 853
1398 31
1399 510
1400 268
1402 221
1403 978
1404 445
1405 181
1406 761
1407 656
1408 293
1409 765
1410 569
1411 471
1412 185
1413 632
1415 11
1416 485
1417 141
1418 379
1419 234
1420 938
1421 690
1422 497
1423 672
1424 921
1425 305
1426 260
1427 965
1428 984
1429 463
1430 186
1431 711
1432 58
1433 360
1434 442
1435 888
1436 915
1437 797
1438 194
1439 781
1440 506
1441 260
1442 630
1443 461
1444 445
1445 76
1446 281
1447 420
1448 970
1449 831
1450 978
1451 789
1452 241
1453 792
1454 69
1456 700
1457 416
1458 279
1460 564
1462 221
1463 364
1464 357
1465 520
1466 858
1467 400
1468 458
1470 170
1471 842
1472 714
1473 12
1474 864
1475 809
1478 616
1479 306
1480 722
1481 409
1482 231
1483 554
1484 52
1485 845
1486 235
1487 706
1488 651
1489 786
1490 864
1491 863
1492 993
1493 910
1494 235
1495 444
1496 78
1497 516
1498 357
1499 575
1500 559
1501 473
1502 743
1503 145
1504 511
1505 69
1506 263
1507 106
1508 787
1509 954
1510 987
1511 368
1513 678
1514 511
1515 2
1516 364
1517 598
1518 409
1519 45
1520 36
1521 546
1522 517
1523 477
1524 473
1525 799
1526 106
1527 688
1528 58
1529 595
1530 717
1531 722
1532 966
1533 801
1534 638
1535 762
1536 712
1537 977
1538 558
1539 856
1540 875
1541 987
1542 468
1543 138
1544 929
1545 982
1546 588
1547 385
1548 318
1549 279
1550 170
1551 845
1552 965
1553 726
1555 856
1556 767
1557 274
1558 368
1559 720
1560 90
1561 611
1562 514
1563 395
1564 951
1566 11
1567 511
1569 539
1570 624
1571 232
1572 762
1573 781
1574 980
1575 469
1576 292
1577 906
1578 506
1579 410
1580 191
1581 542
1582 591
1583 161
1584 89
1585 323
1587 474
1588 649
1589 863
1590 840
1591 426
1592 836
1593 289
1594 852
1595 335
1596 871
1597 611
1598 221
1599 495
1600 379
1601 338
1604 819
1605 779
1606 389
1607 289
1608 929
1609 895
1610 484
1611 544
1612 610
1613 142
1614 841
1615 708
1616 735
1617 234
1618 848
1619 996
1620 1000
1621 845
1622 469
1623 913
1624 133
1625 874
1626 877
1627 247
1628 106
1629 193
1630 339
1631 786
1632 803
1635 468
1636 204
1637 866
1638 922
1639 286
1640 124
1642 935
1643 277
1644 423
1645 797
1646 963
1647 219
1648 341
1649 564
1650 944
1651 763
1652 961
1653 678
1654 890
1655 153
1656 231
1657 714
1658 454
1659 381
1660 756
1662 257
1663 515
1664 22
1665 712
1666 428
1668 346
1669 420
1670 686
1671 224
1673 697
1674 75
1675 514
1676 814
1677 563
1679 706
1680 473
1681 888
1682 426
1683 553
1684 494
1685 652
1686 182
1687 514
1688 950
1689 630
1690 788
1691 90
1692 681
1693 221
1694 643
1695 546
1696 321
1697 386
1698 559
1699 103
1700 602
1701 357
1702 733
1703 123
1704 726
1705 716
1706 743
1707 961
1708 933
1709 287
1710 818
1711 531
1712 363
1713 747
1714 903
1715 327
1716 559
1717 620
1718 138
1719 106
1720 860
1721 535
1722 943
1723 805
1724 957
1725 860
1726 981
1727 981
1728 817
1729 413
1730 71
1731 669
1732 781
1733 53
1734 826
1735 31
1736 892
1737 921
1738 965
1739 461
1741 598
1742 450
1743 906
1744 471
1745 965
1746 477
1747 667
1750 519
1751 558
1752 796
1753 866
1754 860
1755 871
1756 221
1757 233
1758 509
1759 920
1760 504
1761 678
1762 477
1763 253
1764 428
1765 357
1766 762
1767 266
1768 334
1769 580
1770 280
1771 346
1772 985
1773 393
1774 630
1775 860
1776 523
1777 332
1778 647
1779 403
1780 791
1781 135
1782 583
1783 253
1784 386
1785 781
1786 80
1787 571
1788 407
1789 700
1790 357
1791 768
1792 953
1793 802
1794 123
1795 376
1796 534
1797 965
1798 726
1799 841
1800 160
1801 338
1802 779
1803 781
1804 277
1805 289
1806 672
1807 357
1808 695
1810 107
1811 547
1812 786
1813 11
1814 708
1815 199
1816 342
1817 744
1820 644
1821 144
1822 55
1823 2
1824 199
1825 514
1826 292
1827 416
1828 103
1829 327
1830 977
1831 231
1832 580
1833 835
1834 944
1835 638
1836 901
1837 625
1838 647
1839 580
1840 966
1841 734
1842 999
1843 338
1844 305
1847 836
1848 877
1849 420
1850 996
1851 843
1852 175
1853 918
1854 305
1855 869
1856 747
1857 991
1858 173
1859 138
1860 958
1861 143
1862 907
1863 447
1865 559
1866 658
1867 258
1868 836
1869 474
1870 213
1871 840
1872 610
1874 444
1875 984
1876 856
1877 361
1878 500
1879 342
1881 965
1882 996
1883 382
1884 876
1885 858
1886 122
1887 591
1888 919
1889 816
1890 775
1891 765
1892 534
1893 410
1894 789
1895 510
1896 403
1898 970
1899 348
1900 649
1901 768
1902 886
1903 735
1904 684
1905 520
1906 78
1907 640
1908 747
1909 515
1910 647
1911 82
1912 689
1913 791
1914 378
1915 732
1916 449
1917 892
1918 49
1919 761
1920 688
1921 31
1922 727
1923 581
1924 716
1925 343
1926 106
1927 549
1928 560
1929 956
1930 965
1931 830
1932 62
1933 225
1934 166
1935 923
1936 62
1937 863
1938 199
1939 548
1940 647
1941 605
1942 125
1943 756
1944 20
1945 753
1946 305
1947 687
1948 559
1949 426
1950 928
1952 13
1953 81
1954 690
1955 892
1956 305
1957 853
1958 796
1959 36
1960 112
1961 649
1962 655
1963 75
1964 59
1965 274
1966 563
1967 906
1968 506
1969 357
1970 483
1971 21
1972 944
1973 860
1974 327
1975 119
1976 903
1977 965
1979 954
1980 431
1981 764
1982 340
1983 199
1984 470
1985 651
1986 234
1987 343
1988 112
1989 395
1990 746
1991 965
1992 958
1994 821
1995 26
1996 546
1997 846
1998 805
1999 101
2000 551
2001 338
2002 457
2003 506
2004 756
2005 738
2006 610
2007 115
2008 276
2009 915
2010 580
2012 452
2013 796
2014 714
2015 146
2016 958
2017 860
2018 550
2019 821
2020 745
2021 215
2022 645
2023 297
2024 714
2025 313
2026 837
2027 292
2028 130
2029 663
2030 118
2031 571
2032 922
2033 500
2034 860
2035 921
2037 52
2038 537
2039 346
2040 232
2041 690
2042 11
2043 382
2044 141
2045 36
2046 202
2047 106
2048 954
2049 420
2051 627
2053 826
2054 580
2056 942
2058 295
2059 906
2060 317
2061 278
2062 265
2063 357
2064 257
2065 295
2067 642
2068 821
2069 363
2070 767
2072 958
2073 794
2074 619
2075 780
2076 157
2077 112
2078 730
2079 958
2080 843
2081 864
2082 483
2083 136
2085 191
2086 871
2087 599
2088 295
2089 80
2090 942
2091 88
2092 910
2093 348
2095 918
2096 160
2097 402
2098 229
2099 383
2101 145
2102 746
2103 793
2104 918
2105 548
2106 160
2107 506
2108 106
2109 738
2110 714
2111 729
2112 115
2113 55
2114 276
2115 364
2116 161
2117 444
2118 514
2119 55
2120 112
2121 535
2122 217
2123 977
2124 344
2125 573
2126 182
2127 770
2128 691
2129 388
2130 74
2131 209
2132 974
2133 908
2134 625
2135 745
2136 603
2137 580
2138 426
2139 643
2140 733
2141 534
2142 283
2143 583
2144 130
2145 175
2147 334
2148 872
2149 397
2150 984
2152 941
2153 965
2155 360
2156 887
2157 321
2158 913
2159 644
2160 669
2161 410
2162 399
2163 547
2164 470
2165 78
2166 965
2167 85
2168 817
2169 343
2170 580
2171 112
2172 381
2173 318
2174 599
2175 745
2176 410
2177 838
2178 418
2179 221
2180 151
2181 127
2182 418
2183 610
2184 585
2185 74
2186 348
2187 872
2188 353
2189 799
2190 411
2191 714
2192 496
2193 567
2194 395
2195 624
2196 669
2197 104
2198 775
2199 871
2200 618
2201 735
2202 306
2203 420
2204 555
2205 744
2206 66
2207 57
2208 422
2209 237
2210 991
2211 134
2212 500
2213 296
2214 673
2216 380
2217 274
2218 599
2219 697
2220 477
2221 734
2222 570
2223 733
2224 804
2225 943
2226 246
2227 276
2228 229
2229 661
2230 45
2231 431
2232 446
2233 688
2234 465
2235 57
2236 550
2237 19
2238 36
2239 509
2241 756
2242 456
2243 186
2244 85
2245 716
2246 856
2247 725
2248 580
2249 541
2250 899
2251 607
2252 267
2253 360
2254 722
2255 697
2256 150
2257 182
2258 618
2259 231
2260 752
2261 175
2262 674
2263 501
2264 767
2265 31
2266 129
2267 902
2268 329
2269 411
2270 849
2271 344
2272 912
2273 661
2274 594
2275 209
2276 467
2277 522
2278 690
2279 916
2280 848
2281 295
2282 70
2283 487
2284 445
2285 944
2286 86
2287 101
2288 778
2289 625
2290 85
2291 860
2292 26
2293 263
2294 580
2295 385
2296 695
2298 455
2299 767
2300 454
2301 553
2302 799
2303 537
2304 99
2305 965
2306 581
2307 864
2308 605
2309 912
2310 444
2311 265
2312 944
2314 679
2315 864
2316 62
2317 101
2318 733
2319 161
2320 289
2321 118
2322 343
2323 187
2324 690
2325 142
2326 625
2327 962
2328 357
2329 128
2330 33
2331 342
2332 918
2333 715
2334 516
2335 733
2336 722
2337 233
2338 49
2339 981
2340 733
2341 197
2342 944
2343 864
2344 871
2345 199
2346 23
2347 898
2348 990
2349 319
2350 661
2351 821
2352 691
2353 289
2354 698
2355 744
2356 241
2357 762
2358 342
2360 756
2361 406
2362 765
2363 806
2364 402
2365 598
2366 499
2367 45
2368 88
2369 150
2371 781
2372 607
2373 182
2374 752
2375 534
2376 386
2377 258
2378 454
2380 33
2381 80
2382 237
2383 457
2384 690
2385 695
2386 922
2387 823
2388 237
2389 523
2390 770
2391 76
2392 499
2393 265
2394 86
2395 310
2396 378
2397 583
2399 356
2400 697
2401 588
2402 454
2403 954
2404 996
2405 523
2406 268
2407 384
2408 965
2409 877
2410 364
2411 483
2413 20
2414 964
2415 923
2416 875
2418 770
2419 236
2420 88
2421 588
2422 860
2423 205
2425 682
2426 445
2427 794
2428 106
2429 996
2430 252
2432 71
2434 976
2435 726
2436 588
2437 564
2438 106
2440 76
2441 974
2442 777
2443 230
2444 981
2445 747
2446 389
2447 695
2448 770
2449 185
2451 695
2452 357
2453 250
2454 457
2455 348
2456 70
2457 102
2458 830
2459 454
2460 772
2461 647
2462 847
2463 231
2464 424
2465 241
2466 819
2467 78
2468 383
2469 644
2470 796
2471 554
2472 686
2473 221
2474 710
2475 872
2476 716
2477 570
2478 726
2479 688
2481 107
2482 991
2483 770
2484 588
2485 949
2486 695
2487 940
2488 921
2489 85
2490 974
2491 420
2492 638
2493 869
2494 848
2495 692
2496 802
2497 815
2498 888
2499 410
2500 471
2501 788
2502 875
2503 895
2504 669
2505 744
2506 470
2508 805
2509 836
2510 405
2511 385
2512 247
2513 99
2514 112
2516 309
2517 346
2518 257
2519 138
2520 395
2521 289
2522 669
2523 864
2524 80
2525 15
2526 323
2527 644
2528 338
2529 332
2530 163
2531 292
2532 198
2533 706
2534 725
2535 663
2536 500
2537 973
2538 89
2539 864
2541 340
2542 928
2543 690
2544 91
2545 588
2547 440
2548 906
2549 558
2550 987
2551 705
2552 334
2553 827
2554 901
2555 519
2556 647
2557 970
2558 674
2559 87
2560 205
2561 69
2562 186
2564 35
2565 431
2566 595
2567 523
2568 655
2569 415
2571 827
2572 805
2573 752
2574 83
2575 922
2577 768
2578 898
2579 431
2580 993
2581 939
2582 973
2583 260
2584 12
2585 638
2586 378
2587 858
2588 956
2589 99
2590 11
2591 580
2592 666
2593 695
2594 357
2595 428
2596 727
2597 931
2598 756
2599 172
2600 534
2601 824
2603 268
2604 780
2605 531
2606 931
2608 134
2609 950
2610 570
2611 921
2612 409
2613 735
2614 385
2615 943
2616 218
2617 585
2619 958
2620 580
2621 199
2622 244
2623 199
2625 457
2626 844
2627 669
2628 697
2629 828
2630 182
2631 777
2632 376
2633 564
2634 49
2635 133
2636 77
2637 705
2638 738
2639 417
2640 428
2642 165
2643 985
2644 649
2645 999
2646 163
2647 477
2649 441
2650 50
2651 45
2652 661
2653 703
2654 765
2655 420
2656 514
2657 263
2658 672
2660 181
2661 353
2662 107
2663 69
2664 826
2665 234
2666 987
2667 942
2668 138
2669 292
2670 706
2671 915
2672 922
2673 99
2674 996
2675 544
2676 844
2678 78
2679 398
2680 199
2681 928
2682 668
2683 712
2684 837
2685 519
2686 161
2687 749
2688 676
2690 486
2691 292
2692 858
2693 466
2694 484
2695 906
2696 306
2697 311
2698 710
2699 711
2701 785
2702 309
2703 727
2704 118
2705 305
2706 746
2707 570
2708 496
2709 441
2710 454
2711 483
2712 575
2713 124
2714 724
2715 107
2716 236
2717 446
2718 431
2719 909
2720 656
2721 673
2722 948
2723 45
2724 583
2725 268
2726 514
2727 956
2728 91
2730 697
2731 209
2732 231
2733 978
2734 493
2735 957
2736 305
2737 987
2738 961
2739 598
2740 962
2741 580
2742 673
2743 392
2744 327
2745 944
2746 716
2747 477
2748 80
2749 383
2750 471
2751 274
2752 910
2753 217
2754 850
2755 62
2756 53
2757 992
2758 788
2759 918
2760 131
2761 706
2762 444
2763 56
2765 830
2766 33
2767 323
2768 519
2769 495
2770 981
2771 716
2772 506
2773 630
2774 673
2775 553
2776 142
2777 796
2778 339
2779 938
2780 76
2781 793
2782 268
2784 366
2785 339
2786 22
2787 926
2788 236
2789 258
2790 511
2791 466
2793 786
2794 41
2795 918
2796 974
2797 83
2798 74
2799 238
2800 99
2801 738
2803 160
2804 13
2805 69
2806 431
2808 395
2810 287
2811 310
2812 312
2814 491
2815 74
2816 400
2817 542
2818 506
2819 231
2820 535
2821 405
2822 892
2823 89
2824 33
2825 59
2826 588
2827 679
2828 786
2829 450
2831 786
2832 603
2833 589
2834 783
2836 618
2837 786
2838 76
2839 381
2840 36
2842 289
2843 316
2844 434
2845 544
2846 186
2847 102
2848 860
2849 576
2852 620
2853 858
2854 35
2855 78
2856 451
2857 141
2858 830
2859 697
2860 178
2861 286
2862 292
2863 199
2864 506
2865 802
2866 225
2867 558
2868 564
2869 850
2870 16
2872 716
2873 463
2874 238
2875 551
2876 233
2877 599
2878 395
2879 431
2880 292
2881 256
2882 820
2883 974
2884 454
2885 394
2886 794
2887 701
2888 523
2889 799
2891 440
2892 796
2893 891
2895 564
2896 766
2897 355
2898 858
2899 263
2900 160
2901 74
2902 361
2903 697
2905 738
2906 420
2907 469
2908 364
2909 688
2911 368
2912 174
2913 837
2914 697
2915 535
2916 23
2917 104
2918 123
2919 924
2920 92
2921 921
2922 809
2924 697
2925 338
2926 287
2927 909
2929 74
2930 877
2931 265
2932 996
2933 877
2934 892
2935 231
2936 852
2937 926
2938 581
2940 857
2941 747
2942 521
2943 187
2944 241
2946 918
2947 383
2948 289
2949 861
2950 790
2951 486
2952 230
2953 35
2954 973
2955 258
2956 58
2957 276
2958 466
2959 276
2960 384
2961 580
2962 234
2963 641
2964 678
2965 406
2966 619
2967 859
2968 961
2969 767
2970 339
2971 402
2972 537
2973 648
2974 860
2975 791
2976 928
2977 210
2978 864
2979 623
2980 402
2981 411
2982 496
2983 74
2984 793
2985 762
2986 279
2987 194
2989 150
2991 801
2992 710
2993 289
2994 418
2995 238
2996 856
2997 895
2998 500
2999 285
3000 490
3001 982
3002 795
3003 217
3004 720
3005 773
3006 74
3007 944
3008 600
3009 663
3010 802
3011 747
3012 749
3013 748
3014 182
3015 661
3016 969
3017 260
3018 187
3019 78
3020 980
3021 801
3022 237
3023 965
3024 901
3025 208
3026 199
3027 281
3028 549
3029 199
3030 21
3032 706
3033 170
3034 460
3035 851
3037 160
3038 872
3039 268
3040 187
3041 115
3042 355
3043 657
3044 466
3045 860
3046 551
3047 634
3048 694
3049 950
3050 244
3051 996
3052 588
3054 953
3055 233
3056 431
3057 861
3058 231
3059 656
3060 682
3061 385
3062 614
3063 741
3064 906
3065 858
3067 799
3068 315
3069 898
3071 558
3072 386
3073 72
3074 74
3075 651
3076 112
3077 783
3078 956
3079 272
3080 496
3081 695
3082 415
3083 832
3084 321
3085 846
3086 716
3087 714
3088 850
3089 970
3090 943
3091 99
3092 281
3093 49
3095 673
3096 229
3097 860
3098 752
3099 546
3100 295
3101 871
3102 860
3103 276
3104 268
3105 505
3106 697
3107 499
3108 439
3109 755
3110 523
3111 892
3112 961
3113 647
3114 309
3115 138
3116 56
3118 470
3119 767
3120 291
3121 660
3122 141
3123 185
3124 766
3125 669
3126 138
3127 735
3128 999
3129 599
3130 564
3131 85
3132 445
3133 229
3134 258
3135 864
3136 360
3137 364
3138 231
3139 518
3140 809
3141 651
3143 558
3144 652
3145 170
3146 413
3147 681
3148 276
3149 960
3150 837
3151 987
3153 520
3154 714
3155 123
3156 483
3157 106
3158 684
3159 733
3160 258
3161 82
3162 808
3163 977
3164 236
3165 713
3166 678
3167 225
3168 379
3169 688
3170 398
3171 614
3172 487
3173 289
3174 697
3175 305
3176 257
3177 88
3178 279
3180 582
3181 541
3182 99
3183 33
3184 732
3185 364
3186 797
3187 979
3188 860
3189 133
3190 714
3191 661
3192 273
3193 20
3195 716
3196 286
3197 581
3198 525
3199 836
3200 131
3201 591
3202 515
3203 16
3205 757
3206 615
3207 612
3208 270
3209 357
3210 315
3211 876
3212 170
3213 265
3214 253
3215 921
3216 980
3217 714
3218 954
3219 230
3220 552
3221 952
3222 58
3223 431
3224 86
3225 52
3226 343
3227 949
3228 268
3229 790
3230 670
3231 907
3232 863
3233 310
3234 563
3235 678
3236 470
3237 288
3238 752
3239 628
3240 716
3242 965
3243 490
3245 926
3247 213
3248 554
3249 154
3250 163
3251 921
3252 775
3253 241
3254 221
3256 753
3257 405
3258 743
3259 337
3260 558
3261 160
3262 253
3264 296
3265 410
3266 107
3267 112
3268 520
3269 231
3271 669
3272 62
3273 909
3274 253
3275 843
3276 995
3278 237
3279 745
3280 679
3281 339
3282 628
3283 511
3284 58
3285 56
3286 62
3287 987
3289 344
3290 99
3291 155
3292 913
3293 288
3295 909
3296 956
3297 515
3298 849
3299 187
3300 764
3301 165
3302 263
3303 888
3304 846
3305 733
3306 106
3307 74
3309 335
3310 934
3311 960
3312 397
3313 12
3314 127
3315 559
3316 174
3317 858
3318 521
3319 630
3320 974
3321 763
3322 395
3323 105
3324 871
3325 970
3326 86
3327 583
3328 309
3329 940
3330 506
3331 258
3332 922
3333 956
3334 913
3335 378
3336 835
3337 682
3338 181
3339 270
3340 376
3341 830
3342 133
3343 199
3345 241
3346 291
3347 598
3348 62
3350 173
3353 546
3354 991
3355 477
3357 234
3358 11
3359 327
3360 906
3361 86
3362 958
3363 225
3364 441
3365 122
3366 199
3367 106
3368 800
3369 119
3370 677
3372 855
3373 447
3374 138
3375 581
3376 516
3377 902
3378 898
3379 263
3380 722
3383 510
3384 558
3385 327
3386 840
3387 250
3388 138
3389 767
3390 724
3391 678
3392 450
3395 858
3396 568
3397 710
3398 809
3399 796
3400 690
3401 495
3402 273
3403 838
3404 850
3405 410
3407 86
3408 138
3409 795
3410 589
3411 441
3412 76
3413 794
3414 393
3415 698
3416 55
3417 649
3418 856
3419 160
3420 442
3421 860
3422 310
3423 830
3424 965
3425 905
3426 507
3427 836
3428 844
3429 688
3430 752
3432 80
3433 452
3434 138
3435 347
3436 962
3437 981
3438 338
3439 238
3440 742
3442 296
3443 532
3444 184
3445 441
3446 554
3447 422
3448 511
3449 78
3450 975
3451 74
3452 436
3453 736
3454 660
3455 54
3456 867
3457 234
3458 697
3459 118
3460 389
3461 891
3462 931
3463 641
3464 119
3466 647
3467 334
3469 297
3470 328
3471 751
3472 160
3473 860
3474 441
3475 984
3476 470
3477 752
3478 998
3479 982
3480 379
3481 511
3482 655
3483 830
3484 929
3485 161
3486 649
3487 762
3490 461
3491 636
3492 101
3493 995
3494 505
3495 31
3496 603
3497 321
3498 283
3499 987
3500 840
3501 787
3502 952
3503 495
3504 389
3505 823
3506 118
3507 984
3508 451
3509 473
3510 961
3511 973
3512 364
3514 419
3515 858
3516 231
3517 607
3518 697
3519 431
3520 80
3521 690
3522 625
3523 141
3524 41
3525 357
3526 17
3527 552
3528 850
3530 961
3531 267
3532 993
3533 132
3534 457
3535 957
3536 555
3537 199
3538 669
3539 790
3540 643
3541 469
3542 130
3543 759
3544 519
3545 360
3546 234
3547 589
3548 338
3549 870
3550 106
3551 546
3553 90
3555 258
3556 106
3557 682
3558 628
3559 688
3560 809
3561 692
3562 796
3563 511
3564 428
3565 299
3566 511
3567 106
3568 873
3569 825
3570 588
3571 237
3572 409
3573 289
3574 735
3575 858
3576 541
3577 41
3578 794
3580 714
3581 637
3582 424
3583 537
3584 733
3585 181
3586 292
3587 511
3588 858
3589 289
3590 87
3591 183
3592 941
3593 17
3594 91
3595 292
3596 606
3597 537
3598 246
3599 961
3600 669
3601 78
3602 76
3603 11
3604 656
3605 52
3606 743
3607 78
3608 953
3609 628
3610 112
3611 860
3612 733
3613 165
3614 969
3615 892
3616 125
3617 734
3618 824
3619 588
3620 34
3621 558
3622 756
3623 445
3624 809
3625 409
3626 755
3627 395
3628 767
3629 786
3630 880
3631 763
3632 383
3633 102
3634 752
3635 119
3636 729
3637 172
3638 519
3639 74
3640 569
3641 586
3642 520
3643 165
3644 938
3645 926
3646 58
3648 471
3649 749
3651 905
3652 230
3653 297
3654 472
3655 908
3657 697
3659 221
3660 441
3661 695
3662 238
3663 131
3664 914
3665 88
3666 580
3667 554
3668 154
3669 274
3670 650
3671 544
3672 958
3673 86
3674 420
3675 649
3676 343
3677 859
3678 819
3679 620
3680 231
3681 799
3682 257
3683 469
3684 35
3685 858
3686 607
3687 809
3688 89
3689 142
3690 857
3691 500
3692 406
3693 797
3694 620
3695 623
3696 80
3697 559
3698 88
3699 122
3700 426
3701 780
3702 590
3704 258
3705 425
3706 902
3707 37
3708 627
3709 125
3710 652
3711 992
3712 258
3713 750
3714 428
3715 953
3716 465
3717 541
3718 121
3719 477
3720 782
3721 291
3722 520
3723 629
3725 415
3726 618
3727 305
3728 642
3729 794
3730 255
3731 498
3732 836
3733 119
3734 166
3735 118
3736 672
3737 799
3738 618
3740 954
3741 768
3742 452
3743 86
3744 385
3745 457
3746 273
3747 297
3748 2
3749 428
3750 964
3751 216
3752 640
3753 811
3754 234
3755 80
3756 542
3757 305
3758 618
3759 338
3760 516
3761 956
3763 133
3764 294
3765 383
3766 560
3767 733
3769 608
3770 912
3771 339
3772 460
3773 985
3774 841
3775 142
3776 454
3777 224
3778 628
3779 394
3780 23
3781 690
3782 712
3783 323
3784 418
3785 706
3786 678
3787 476
3788 406
3789 840
3790 12
3791 647
3793 342
3794 134
3795 403
3796 785
3797 918
3798 455
3800 342
3801 199
3802 343
3803 968
3804 630
3806 96
3807 327
3808 802
3809 690
3810 605
3811 514
3812 588
3813 846
3814 395
3816 742
3817 767
3818 389
3819 830
3820 664
3821 661
3822 106
3823 118
3824 992
3825 763
3826 278
3827 119
3828 473
3830 871
3831 650
3832 706
3834 74
3835 837
3836 225
3837 506
3838 523
3839 420
3840 595
3842 987
3843 118
3844 734
3845 598
3846 491
3847 947
3848 532
3849 788
3851 956
3852 605
3853 995
3854 75
3855 733
3856 575
3857 451
3858 279
3859 856
3861 946
3862 809
3863 56
3864 11
3865 765
3866 534
3867 468
3868 278
3870 114
3871 816
3872 733
3873 72
3874 232
3875 559
3876 993
3877 310
3878 90
3879 338
3880 523
3881 592
3882 225
3885 236
3886 138
3887 20
3889 762
3890 799
3891 470
3892 864
3893 514
3894 982
3895 673
3896 842
3897 974
3899 54
3900 668
3901 548
3902 454
3903 236
3904 759
3905 607
3906 931
3908 2
3909 258
3910 622
3911 428
3912 550
3913 424
3914 652
3915 656
3918 965
3919 267
3920 980
3921 520
3922 311
3923 819
3924 779
3925 127
3926 714
3927 389
3928 11
3929 675
3930 86
3931 22
3932 665
3933 447
3934 85
3936 958
3937 125
3938 583
3939 209
3940 342
3941 438
3942 514
3943 301
3944 418
3945 406
3946 594
3947 413
3948 732
3949 809
3950 965
3951 289
3952 550
3954 385
3955 199
3956 858
3957 786
3958 305
3959 486
3960 364
3962 406
3963 701
3964 599
3965 837
3966 906
3968 116
3969 172
3970 625
3971 834
3972 840
3973 431
3974 465
3975 832
3976 337
3977 856
3978 995
3979 81
3981 553
3983 217
3984 113
3985 637
3986 554
3987 823
3988 992
3989 162
3990 961
3991 838
3992 765
3993 33
3994 628
3995 389
3996 541
3997 875
3998 944
3999 523
4000 487
4001 907
4002 374
4003 10
4004 708
4005 20
4006 424
4007 733
4008 980
4009 930
4010 221
4011 853
4012 175
4013 970
4015 92
4016 913
4017 22
4018 552
4019 170
4020 546
4021 860
4022 722
4023 700
4024 680
4025 678
4026 922
4028 756
4029 174
4031 199
4032 517
4033 416
4035 832
4036 268
4037 21
4038 107
4039 134
4040 534
4041 535
4042 344
4043 860
4044 922
4045 85
4046 52
4047 582
4048 334
4049 906
4050 956
4052 558
4053 957
4054 270
4055 790
4056 350
4057 40
4058 636
4059 444
4060 260
4061 514
4062 246
4063 228
4065 12
4066 231
4067 981
4068 301
4069 872
4070 122
4071 155
4072 627
4073 954
4074 735
4075 850
4076 343
4077 431
4078 445
4080 525
4081 99
4082 434
4084 652
4085 441
4086 629
4087 104
4088 318
4089 276
4090 106
4091 860
4092 194
4094 738
4095 944
4096 858
4097 600
4099 645
4100 258
4101 389
4102 585
4103 258
4104 822
4105 629
4106 499
4107 836
4108 383
4109 752
4110 701
4111 900
4112 614
4113 858
4114 567
4115 379
4116 199
4117 669
4118 26
4120 751
4122 118
4123 154
4124 608
4125 264
4126 480
4127 278
4128 580
4129 182
4130 953
4131 929
4132 342
4133 694
4134 322
4135 411
4136 431
4137 580
4138 772
4139 99
4140 180
4141 334
4142 690
4143 690
4144 751
4146 182
4147 962
4148 80
4149 729
4150 400
4151 317
4152 85
4153 212
4154 690
4155 145
4156 661
4157 560
4158 620
4159 305
4160 144
4161 311
4162 259
4163 446
4164 622
4168 69
4169 436
4170 386
4171 599
4172 180
4173 665
4174 433
4175 246
4176 199
4177 953
4179 856
4180 516
4182 951
4183 69
4184 361
4185 258
4186 465
4187 692
4188 51
4189 772
4190 644
4191 469
4192 770
4193 892
4194 249
4195 546
4196 676
4197 706
4198 41
4199 974
4200 786
4201 688
4202 105
4203 965
4204 636
4205 999
4206 273
4207 251
4209 357
4210 139
4211 788
4212 101
4213 385
4214 80
4215 699
4216 389
4217 603
4218 546
4219 80
4220 342
4221 758
4222 965
4223 1000
4224 80
4225 819
4226 196
4227 355
4228 385
4229 305
4230 690
4231 103
4232 618
4233 199
4234 161
4235 266
4236 60
4237 921
4238 772
4239 778
4241 716
4242 397
4243 436
4244 337
4245 856
4246 224
4248 144
4250 69
4251 791
4252 304
4253 539
4254 202
4255 793
4256 253
4257 743
4258 832
4259 246
4260 850
4261 33
4263 978
4264 447
4265 892
4266 856
4267 591
4268 41
4271 76
4272 136
4273 777
4274 396
4277 847
4278 398
4279 145
4280 707
4281 339
4282 957
4283 260
4284 742
4285 786
4286 634
4287 1000
4288 354
4289 81
4290 81
4291 239
4293 119
4294 564
4295 88
4297 819
4298 337
4300 36
4301 229
4302 957
4303 93
4304 816
4305 72
4306 752
4307 610
4308 237
4309 56
4310 900
4311 402
4312 598
4313 230
4314 641
4315 571
4316 161
4317 75
4319 235
4320 258
4321 276
4322 232
4323 134
4324 697
4325 697
4326 402
4328 11
4330 970
4331 491
4332 451
4333 772
4334 382
4335 795
4336 887
4338 610
4339 514
4340 73
4341 735
4342 990
4343 134
4345 711
4346 996
4347 846
4348 458
4349 511
4350 90
4351 160
4353 935
4354 625
4355 912
4356 733
4357 423
4358 781
4359 772
4360 382
4361 838
4362 954
4363 661
4364 559
4365 809
4366 540
4367 987
4368 611
4369 260
4370 809
4371 130
4372 656
4373 697
4374 225
4375 124
4376 288
4377 406
4378 926
4379 178
4380 119
4381 431
4382 31
4383 191
4384 470
4385 957
4386 364
4387 764
4389 480
4390 106
4391 791
4392 641
4393 698
4394 747
4395 965
4396 712
4397 279
4398 420
4400 62
4402 987
4403 647
4404 263
4405 33
4406 311
4407 122
4408 669
4409 560
4410 173
4411 470
4412 690
4413 505
4414 88
4415 364
4416 433
4417 629
4418 888
4419 442
4421 431
4423 276
4424 449
4425 99
4426 823
4427 74
4428 89
4429 244
4430 843
4431 649
4432 924
4433 467
4434 615
4435 186
4436 433
4437 993
4440 106
4441 441
4442 254
4443 308
4444 351
4445 295
4446 33
4447 104
4448 483
4449 87
4450 540
4451 506
4452 969
4453 907
4454 944
4455 93
4456 650
4457 458
4458 871
4459 433
4460 45
4461 471
4462 424
4464 781
4465 433
4466 191
4467 619
4468 651
4469 454
4470 580
4471 495
4472 588
4473 733
4474 991
4475 651
4476 144
4477 307
4479 695
4480 807
4483 199
4484 781
4485 364
4486 483
4487 956
4488 150
4489 770
4490 925
4491 258
4492 465
4493 957
4494 520
4495 647
4496 972
4498 762
4499 533
4500 640
4501 160
4502 357
4503 379
4504 886
4505 232
4506 305
4507 950
4508 592
4509 716
4510 62
4511 363
4512 632
4513 580
4514 546
4515 474
4517 123
4518 859
4519 871
4520 630
4521 382
4522 182
4523 256
4524 246
4525 595
4526 425
4527 819
4528 205
4529 744
4530 309
4531 267
4532 980
4533 20
4534 59
4535 788
4536 749
4537 395
4538 86
4539 534
4540 786
4541 863
4542 537
4543 74
4544 241
4545 106
4546 45
4547 257
4548 830
4549 49
4551 580
4552 229
4553 913
4554 564
4555 853
4556 421
4557 104
4558 645
4559 630
4561 663
4562 742
4563 118
4564 80
4565 830
4566 931
4567 824
4568 385
4569 906
4570 338
4571 690
4572 672
4573 770
4574 274
4575 127
4576 431
4578 762
4579 515
4580 500
4581 406
4582 426
4583 965
4584 450
4585 445
4586 647
4587 506
4588 618
4589 965
4590 875
4591 105
4592 144
4593 978
4594 880
4595 273
4596 922
4597 593
4598 482
4599 762
4600 317
4601 895
4602 411
4603 534
4604 103
4605 780
4606 951
4607 115
4609 113
4610 871
4611 780
4612 985
4613 395
4614 321
4615 114
4616 844
4617 1
4618 560
4619 710
4620 786
4621 457
4622 842
4623 840
4624 823
4625 225
4626 447
4627 280
4628 853
4629 605
4630 992
4631 588
4632 138
4633 535
4634 313
4635 310
4636 203
4637 901
4638 233
4639 281
4640 580
4641 627
4642 402
4643 668
4644 834
4645 843
4646 752
4647 958
4648 868
4649 838
4650 405
4651 856
4652 626
4653 757
4654 963
4655 70
4656 771
4657 416
4658 606
4659 114
4660 62
4661 292
4662 72
4664 749
4665 892
4666 756
4667 625
4668 454
4669 649
4670 780
4671 944
4672 588
4673 909
4674 958
4675 937
4676 118
4677 106
4678 80
4679 234
4680 858
4683 144
4684 867
4685 32
4686 840
4687 724
4688 484
4689 677
4690 534
4691 924
4692 548
4693 767
4694 476
4695 714
4696 3
4697 738
4698 583
4699 281
4700 370
4701 358
4702 902
4703 904
4704 145
4705 305
4706 714
4707 860
4708 626
4709 21
4710 193
4711 669
4712 511
4713 987
4714 185
4715 697
4716 103
4717 195
4718 74
4719 138
4720 515
4721 799
4722 540
4723 821
4724 2
4725 411
4726 542
4727 620
4728 668
4729 956
4730 1
4731 395
4732 546
4734 487
4735 641
4738 33
4739 58
4741 866
4742 57
4743 292
4744 772
4745 445
4746 712
4747 76
4748 695
4749 898
4750 377
4751 762
4752 445
4753 523
4755 187
4756 923
4757 879
4758 747
4759 369
4760 113
4761 943
4762 826
4763 244
4764 231
4766 786
4767 796
4768 925
4769 362
4770 153
4771 507
4772 55
4773 297
4774 730
4775 446
4776 811
4777 605
4778 337
4779 258
4781 542
4782 843
4783 160
4785 868
4786 974
4787 786
4788 107
4789 740
4790 495
4791 722
4792 138
4793 743
4794 920
4795 664
4796 916
4797 717
4798 690
4799 411
4800 674
4801 710
4802 806
4803 735
4804 795
4806 430
4807 788
4808 550
4809 952
4810 783
4811 554
4812 980
4813 395
4814 985
4815 461
4816 400
4817 988
4818 649
4819 618
4820 692
4821 323
4822 1
4823 257
4824 954
4825 987
4826 836
4827 446
4828 160
4829 598
4830 670
4831 576
4832 645
4833 773
4834 759
4835 618
4836 547
4837 338
4838 794
4839 138
4840 790
4841 431
4842 707
4843 343
4844 682
4845 539
4846 540
4847 520
4848 402
4850 119
4851 636
4852 493
4853 470
4854 495
4855 599
4856 381
4858 160
4859 554
4860 499
4861 276
4862 38
4863 974
4864 44
4865 152
4867 675
4868 869
4869 615
4871 786
4872 11
4873 602
4874 470
4875 898
4876 169
4877 428
4878 738
4879 70
4880 812
4881 28
4883 969
4884 119
4885 871
4887 594
4888 171
4889 926
4890 552
4891 738
4894 507
4895 793
4896 469
4897 920
4898 686
4899 94
4900 509
4901 256
4902 289
4903 619
4904 711
4905 70
4907 858
4908 260
4909 733
4911 301
4912 625
4913 129
4914 348
4915 33
4916 251
4917 235
4918 339
4919 363
4920 409
4921 286
4922 790
4923 985
4924 397
4925 853
4926 51
4927 945
4928 651
4929 426
4930 958
4931 353
4932 661
4933 180
4934 35
4936 554
4937 809
4938 11
4939 953
4941 830
4942 681
4943 747
4944 829
4946 17
4948 607
4949 106
4950 506
4951 657
4952 188
4953 723
4954 276
4955 672
4956 202
4957 183
4958 307
4959 951
4960 135
4961 756
4963 514
4964 395
4965 515
4966 120
4967 274
4969 142
4971 708
4973 267
4974 33
4975 260
4976 72
4977 871
4978 688
4979 141
4980 268
4981 732
4982 550
4984 357
4985 681
4986 487
4987 402
4988 864
4989 533
4990 301
4991 716
4992 395
4993 452
4994 123
4995 770
4996 501
4997 172
4998 441
4999 81
5000 363
5001 832
5002 138
5003 355
5004 338
5005 940
5006 429
5007 395
5008 160
5009 641
5010 78
5011 516
5012 892
5014 553
5015 968
5016 161
5017 291
5018 628
5019 150
5020 987
5021 89
5022 525
5023 860
5024 632
5026 483
5027 297
5028 809
5030 921
5031 310
5032 727
5033 253
5034 160
5035 832
5037 663
5039 544
5041 957
5042 468
5043 906
5044 560
5045 953
5046 987
5048 406
5049 995
5050 762
5051 221
5054 771
5055 185
5056 268
5057 836
5058 446
5059 379
5060 493
5061 245
5062 277
5063 898
5064 357
5065 195
5067 357
5068 305
5069 521
5070 643
5071 280
5072 944
5073 630
5074 237
5075 879
5076 130
5077 301
5078 467
5079 514
5080 729
5081 80
5082 809
5084 199
5085 104
5086 355
5087 386
5088 735
5089 106
5090 785
5091 10
5092 871
5093 199
5094 172
5095 85
5096 580
5098 62
5100 991
5101 762
5102 257
5103 790
5104 915
5105 434
5106 160
5107 798
5108 300
5109 706
5110 870
5111 956
5112 150
5113 860
5114 484
5115 988
5118 687
5119 52
5120 794
5121 661
5122 332
5123 921
5124 66
5125 546
5127 473
5128 507
5129 289
5130 580
5132 742
5133 175
5134 22
5135 690
5136 127
5137 207
5138 824
5139 392
5140 716
5141 531
5142 607
5143 954
5144 500
5145 195
5146 161
5147 127
5148 49
5149 23
5150 744
5151 702
5152 436
5153 447
5154 724
5155 185
5156 62
5157 511
5158 36
5159 712
5160 304
5161 656
5162 591
5163 673
5164 434
5165 57
5166 257
5168 580
5169 470
5170 504
5171 872
5173 790
5174 88
5175 308
5176 170
5177 276
5178 773
5179 461
5180 974
5181 288
5182 727
5183 573
5184 614
5185 494
5186 144
5187 199
5188 583
5189 661
5190 954
5191 514
5192 364
5193 378
5194 160
5195 599
5196 452
5197 537
5198 706
5199 537
5200 560
5201 38
5202 686
5203 836
5204 350
5205 515
5206 786
5207 865
5209 137
5210 343
5211 954
5212 709
5213 734
5214 830
5215 466
5216 678
5217 929
5218 441
5219 677
5221 609
5224 841
5225 415
5226 790
5227 52
5228 632
5230 434
5231 99
5232 405
5233 33
5234 357
5235 402
5236 759
5238 699
5239 559
5240 580
5241 118
5242 618
5244 401
5245 996
5247 283
5248 430
5249 560
5250 821
5251 368
5252 445
5254 688
5255 958
5256 673
5257 85
5258 564
5259 138
5260 324
5261 991
5262 385
5263 840
5264 779
5265 756
5267 714
5268 327
5269 744
5270 469
5271 507
5272 595
5273 131
5274 799
5275 283
5276 734
5277 889
5280 877
5281 597
5282 520
5283 918
5284 926
5285 969
5286 784
5287 843
5288 221
5289 733
5290 134
5291 542
5292 495
5293 326
5294 514
5295 958
5296 670
5297 257
5298 980
5299 223
5300 755
5301 984
5302 732
5303 698
5304 468
5305 257
5306 734
5307 441
5308 416
5309 292
5310 586
5311 363
5312 716
5313 577
5314 795
5315 860
5316 381
5317 343
5318 554
5319 599
5320 523
5321 797
5322 906
5323 898
5324 31
5325 181
5326 581
5327 996
5328 566
5329 580
5330 232
5331 411
5332 738
5333 600
5334 40
5335 221
5336 260
5337 539
5338 767
5339 949
5341 85
5342 319
5343 276
5345 682
5346 796
5348 315
5349 583
5350 70
5351 853
5352 794
5353 99
5354 907
5355 77
5356 744
5357 92
5358 965
5359 193
5360 853
5362 188
5364 428
5365 145
5366 762
5368 733
5369 123
5370 83
5371 717
5372 94
5373 598
5374 367
5375 298
5376 748
5377 433
5378 714
5379 714
5380 70
5381 74
5382 258
5383 265
5384 114
5385 457
5386 513
5387 598
5388 340
5389 78
5390 610
5391 752
5392 787
5393 695
5394 733
5395 831
5396 428
5397 130
5398 958
5399 125
5400 632
5403 781
5404 422
5406 973
5407 188
5408 410
5409 752
5410 287
5411 160
5412 60
5413 145
5414 841
5415 921
5416 335
5417 724
5418 907
5419 888
5420 922
5421 918
5422 357
5423 138
5424 943
5425 965
5426 424
5427 248
5428 62
5430 735
5431 33
5432 738
5433 486
5434 534
5435 472
5436 450
5437 619
5438 627
5439 449
5440 471
5441 831
5442 523
5443 500
5444 653
5445 143
5446 21
5448 384
5449 648
5450 681
5451 815
5452 112
5453 686
5454 92
5455 906
5456 431
5457 143
5458 564
5459 383
5460 952
5461 929
5462 395
5463 292
5464 958
5465 642
5466 908
5468 88
5470 207
5471 283
5472 70
5473 992
5474 415
5475 672
5476 766
5477 238
5478 688
5479 735
5480 191
5481 289
5482 160
5483 599
5484 673
5485 258
5486 772
5487 700
5489 172
5490 599
5491 860
5492 786
5493 995
5494 735
5495 383
5496 26
5497 568
5498 85
5500 695
5501 119
5502 62
5503 943
5504 647
5506 174
5507 546
5508 791
5509 790
5510 864
5511 762
5512 977
5513 385
5514 598
5515 950
5516 546
5517 81
5518 62
5519 266
5522 973
5523 338
5524 831
5525 571
5526 730
5527 886
5528 55
5529 506
5530 338
5531 978
5533 33
5534 258
5535 71
5536 506
5537 996
5538 734
5539 642
5540 276
5542 60
5544 747
5545 318
5546 977
5547 941
5548 516
5549 916
5550 163
5551 20
5552 762
5554 701
5555 647
5556 710
5557 119
5558 845
5559 796
5560 610
5561 100
5562 836
5563 265
5564 734
5565 662
5566 822
5567 676
5568 224
5569 766
5570 922
5571 384
5572 931
5573 357
5574 520
5575 856
5576 338
5577 318
5578 420
5579 382
5580 470
5581 234
5582 757
5583 327
5584 388
5585 599
5586 784
5587 506
5588 409
5589 373
5590 945
5591 125
5592 38
5593 873
5595 425
5596 257
5597 334
5598 86
5599 764
5600 697
5601 913
5602 231
5603 263
5604 411
5605 780
5606 29
5607 452
5608 734
5609 551
5610 132
5611 338
5612 138
5613 243
5614 315
5615 901
5616 327
5617 495
5618 987
5619 328
5620 405
5621 483
5622 871
5623 625
5624 570
5625 688
5626 378
5627 114
5628 51
5629 775
5630 395
5631 733
5632 523
5633 97
5634 244
5635 771
5636 793
5637 182
5638 207
5639 989
5640 981
5641 950
5642 431
5643 411
5644 987
5645 194
5646 411
5647 62
5648 836
5649 716
5650 794
5651 658
5652 171
5653 630
5654 846
5655 747
5656 722
5657 193
5658 185
5659 922
5660 632
5661 800
5662 221
5663 961
5664 398
5665 169
5666 944
5667 277
5668 232
5669 931
5670 118
5671 844
5672 477
5673 234
5674 35
5675 864
5676 701
5677 288
5679 708
5680 799
5683 564
5684 598
5685 330
5686 115
5687 390
5689 943
5691 402
5692 385
5694 686
5695 274
5696 690
5698 742
5699 918
5700 502
5701 583
5702 860
5703 581
5704 815
5705 123
5706 643
5707 357
5708 635
5709 974
5710 615
5711 497
5712 78
5713 357
5714 225
5715 870
5716 580
5717 958
5718 778
5719 559
5720 863
5721 633
5722 468
5723 950
5724 676
5725 242
5727 243
5728 995
5729 918
5730 580
5731 580
5732 33
5733 887
5734 978
5735 386
5736 960
5737 376
5738 144
5739 796
5741 491
5742 233
5743 641
5744 836
5745 428
5746 606
5748 758
5749 714
5750 69
5751 104
5753 305
5754 101
5755 266
5756 234
5757 969
5758 490
5759 142
5760 651
5761 457
5762 607
5763 520
5764 164
5765 591
5766 436
5767 583
5768 315
5769 956
5771 783
5772 62
5773 199
5775 867
5776 406
5777 796
5778 944
5779 681
5780 827
5781 585
5782 870
5783 860
5784 357
5785 252
5786 957
5787 906
5788 953
5789 74
5790 836
5792 825
5793 695
5794 735
5795 402
5796 386
5797 830
5798 465
5799 690
5800 764
5801 783
5802 21
5803 661
5804 416
5805 193
5806 131
5807 133
5808 268
5809 343
5810 308
5811 789
5812 653
5813 918
5814 668
5815 310
5816 558
5817 119
5818 11
5819 511
5820 379
5821 553
5822 864
5823 99
5824 964
5825 332
5826 276
5827 152
5828 546
5829 796
5831 697
5832 901
5833 607
5834 768
5835 334
5836 506
5837 599
5838 890
5839 710
5840 588
5841 234
5842 92
5843 258
5844 575
5845 638
5848 426
5849 258
5850 458
5852 780
5853 654
5854 720
5855 853
5856 194
5857 852
5858 908
5859 421
5860 651
5861 17
5862 547
5863 647
5864 479
5865 72
5866 906
5867 523
5868 303
5869 74
5870 753
5871 381
5872 125
5873 745
5875 943
5876 547
5877 539
5878 603
5879 507
5880 674
5881 240
5882 540
5884 236
5885 960
5886 195
5887 781
5888 981
5889 647
5890 515
5891 632
5892 580
5893 415
5894 161
5895 733
5896 385
5898 987
5899 995
5900 164
5901 841
5902 970
5903 37
5904 55
5906 820
5907 343
5908 315
5909 402
5911 748
5913 257
5914 454
5915 943
5916 309
5917 224
5918 794
5919 969
5920 958
5921 858
5922 756
5923 276
5924 767
5925 828
5926 903
5927 225
5928 970
5929 89
5930 714
5931 221
5932 106
5933 315
5934 546
5935 166
5936 779
5938 601
5939 454
5940 608
5941 264
5942 520
5943 670
5944 514
5945 146
5946 331
5947 558
5948 436
5949 921
5950 383
5951 855
5952 734
5953 580
5954 461
5955 440
5956 258
5957 762
5958 663
5960 107
5961 130
5962 560
5963 343
5964 948
5965 433
5966 871
5967 224
5968 756
5969 83
5970 395
5971 521
5973 454
5974 735
5975 762
5977 265
5978 290
5979 943
5980 445
5981 743
5982 836
5983 428
5984 732
5985 881
5986 676
5987 716
5988 650
5990 990
5991 546
5992 357
5993 706
5994 866
5995 125
5996 229
5997 420
5998 877
5999 318
6001 733
6002 734
6003 355
6004 133
6005 974
6006 900
6007 292
6008 928
6009 634
6010 869
6011 107
6012 752
6013 652
6014 268
6015 306
6016 342
6017 922
6018 130
6019 112
6020 742
6021 431
6022 311
6023 308
6024 874
6025 78
6026 80
6027 535
6028 160
6029 554
6030 734
6031 265
6032 871
6033 672
6035 270
6036 411
6037 506
6038 645
6039 280
6041 686
6042 586
6043 420
6044 324
6045 779
6046 276
6047 816
6048 794
6049 517
6050 607
6051 688
6052 860
6053 551
6054 772
6055 793
6056 103
6057 908
6058 937
6059 632
6060 499
6061 655
6062 436
6063 957
6064 619
6065 672
6066 974
6067 888
6068 439
6069 85
6070 135
6071 868
6073 610
6074 559
6075 476
6076 973
6077 395
6078 449
6079 402
6080 735
6081 678
6082 886
6083 519
6084 922
6085 929
6086 272
6087 289
6088 859
6089 981
6090 796
6091 580
6092 199
6093 233
6094 694
6095 292
6096 58
6097 956
6098 598
6099 231
6101 446
6102 309
6103 665
6104 520
6105 399
6106 856
6107 738
6108 750
6109 291
6110 313
6111 954
6112 837
6113 102
6114 786
6115 428
6116 292
6117 100
6118 772
6119 199
6120 866
6121 1
6122 912
6123 996
6124 53
6125 460
6126 348
6127 62
6128 289
6129 338
6130 182
6131 476
6132 457
6133 759
6134 93
6135 580
6136 33
6137 59
6138 564
6140 58
6141 785
6142 968
6143 224
6144 73
6145 62
6146 974
6147 682
6148 288
6150 706
6151 657
6153 852
6154 926
6156 400
6157 542
6158 745
6159 855
6160 809
6161 348
6162 805
6163 144
6164 382
6165 898
6166 334
6167 866
6168 319
6169 274
6170 986
6171 291
6172 494
6173 33
6174 484
6175 735
6176 569
6177 779
6178 515
6180 26
6181 628
6182 119
6183 276
6184 605
6185 864
6187 858
6188 828
6189 378
6191 474
6192 929
6193 113
6194 539
6195 546
6196 445
6197 987
6198 738
6199 922
6200 534
6201 665
6202 305
6203 867
6204 563
6205 770
6206 785
6207 965
6208 788
6209 142
6210 231
6211 289
6212 89
6213 929
6214 516
6215 733
6216 165
6217 754
6218 72
6219 961
6220 99
6221 901
6222 742
6223 598
6224 344
6225 234
6226 943
6227 710
6228 29
6229 368
6230 2
6231 534
6232 497
6233 484
6234 523
6236 712
6237 360
6238 395
6239 181
6240 486
6241 520
6242 891
6243 517
6244 516
6245 315
6246 784
6247 238
6248 289
6249 386
6250 788
6251 669
6252 511
6253 223
6254 974
6255 244
6256 791
6257 357
6258 224
6259 887
6260 679
6261 160
6262 560
6263 940
6264 984
6265 319
6266 965
6267 62
6268 951
6270 173
6271 672
6273 454
6274 506
6275 966
6276 289
6277 511
6278 444
6279 943
6280 614
6281 912
6282 451
6283 313
6285 940
6286 231
6287 343
6288 583
6289 225
6290 176
6291 272
6292 767
6293 940
6294 37
6295 234
6296 847
6297 182
6298 469
6299 150
6300 78
6301 234
6302 979
6303 762
6304 173
6305 341
6306 764
6307 984
6308 569
6309 791
6310 209
6312 287
6313 397
6314 807
6315 276
6316 706
6317 70
6318 523
6319 142
6320 618
6321 523
6322 268
6323 315
6324 627
6325 642
6326 494
6327 852
6328 858
6329 738
6331 375
6332 779
6333 697
6334 527
6335 871
6337 167
6338 305
6339 777
6340 978
6341 853
6342 260
6343 957
6344 752
6345 23
6346 343
6347 315
6348 99
6349 446
6350 477
6351 867
6352 292
6353 213
6354 431
6355 709
6356 723
6357 980
6358 551
6359 808
6360 327
6361 943
6362 651
6363 853
6364 780
6365 323
6366 276
6367 114
6368 371
6369 818
6370 276
6371 138
6373 86
6374 852
6375 573
6376 860
6377 77
6378 304
6379 848
6380 729
6381 821
6382 758
6383 796
6384 912
6386 114
6387 848
6388 702
6389 138
6390 683
6391 583
6392 957
6393 589
6394 687
6395 515
6396 402
6397 647
6398 506
6399 745
6400 993
6401 610
6402 585
6403 436
6404 629
6405 445
6406 913
6407 717
6409 942
6410 169
6411 647
6412 908
6413 907
6414 973
6416 599
6417 53
6418 283
6419 108
6420 678
6421 682
6422 509
6423 233
6424 811
6425 496
6426 733
6427 728
6428 70
6429 661
6430 338
6431 515
6433 338
6434 763
6435 289
6437 615
6438 786
6439 778
6440 999
6441 237
6442 860
6443 957
6444 732
6445 923
6446 398
6447 116
6448 686
6449 860
6450 484
6451 199
6452 138
6454 786
6455 90
6456 134
6457 660
6458 780
6459 716
6460 853
6461 506
6462 877
6463 398
6464 275
6465 150
6466 160
6467 980
6468 605
6469 786
6470 258
6471 523
6472 999
6473 797
6474 920
6475 881
6476 583
6477 591
6478 506
6479 784
6480 62
6481 954
6482 956
6483 516
6484 915
6485 31
6486 644
6487 125
6488 402
6489 495
6490 342
6491 423
6492 605
6493 188
6494 958
6495 838
6496 856
6497 2
6498 895
6499 385
6500 199
6501 448
6502 772
6503 10
6504 506
6505 889
6506 815
6507 804
6508 697
6509 779
6510 654
6511 237
6512 719
6513 548
6514 74
6515 794
6516 716
6517 603
6518 918
6519 328
6521 17
6522 172
6523 237
6524 495
6525 428
6526 423
6527 940
6528 402
6529 274
6530 701
6531 54
6532 738
6533 395
6534 613
6535 366
6536 17
6537 901
6538 886
6539 836
6540 174
6541 143
6542 327
6543 420
6544 593
6545 64
6546 138
6547 122
6548 770
6549 69
6550 258
6551 199
6552 824
6553 282
6554 663
6555 688
6556 560
6557 291
6558 452
6559 686
6560 428
6561 511
6562 690
6563 389
6564 276
6565 420
6566 710
6567 292
6568 344
6569 274
6570 62
6571 70
6572 662
6573 672
6574 970
6575 951
6576 515
6577 252
6578 11
6579 996
6580 286
6581 301
6582 710
6583 74
6584 303
6585 199
6586 2
6587 245
6588 520
6589 55
6590 606
6591 579
6592 853
6593 82
6594 203
6595 818
6596 471
6597 309
6598 383
6599 183
6602 514
6604 273
6605 270
6606 258
6607 761
6608 661
6609 847
6611 686
6612 856
6613 921
6614 364
6615 468
6616 979
6617 650
6618 70
6619 174
6620 33
6621 546
6622 22
6623 169
6624 102
6625 258
6626 819
6627 783
6628 231
6629 688
6630 245
6631 745
6632 473
6633 160
6635 877
6636 749
6637 588
6638 178
6639 452
6640 815
6641 756
6642 982
6643 447
6644 496
6645 747
6646 675
6647 537
6648 640
6649 649
6650 553
6651 315
6652 922
6653 840
6654 338
6655 640
6656 765
6657 951
6658 863
6659 922
6660 182
6661 963
6662 545
6664 308
6665 457
6666 569
6667 716
6668 17
6669 311
6670 27
6671 337
6672 993
6673 55
6674 421
6675 405
6676 431
6677 970
6679 262
6680 580
6681 799
6682 933
6683 357
6684 808
6686 483
6687 62
6688 236
6689 265
6690 11
6691 582
6692 260
6693 541
6694 979
6696 772
6697 855
6698 474
6699 445
6700 138
6701 20
6703 469
6704 598
6705 738
6706 879
6708 55
6711 655
6712 355
6713 818
6714 505
6716 819
6717 418
6719 677
6720 714
6721 595
6722 516
6723 309
6724 554
6726 762
6727 486
6728 965
6729 710
6730 964
6731 11
6732 944
6733 732
6734 107
6735 142
6736 603
6737 841
6738 85
6739 499
6740 335
6741 908
6743 771
6745 449
6746 428
6747 796
6749 176
6750 648
6751 221
6752 982
6753 583
6754 772
6755 585
6756 327
6757 720
6758 550
6759 727
6760 840
6761 922
6762 778
6763 581
6764 758
6765 674
6766 395
6767 618
6768 535
6769 246
6770 980
6771 871
6772 52
6773 382
6774 738
6776 119
6777 405
6778 85
6781 931
6782 874
6783 309
6784 588
6785 175
6786 287
6788 364
6789 535
6790 864
6791 588
6792 733
6793 276
6794 101
6795 258
6797 433
6798 106
6799 640
6800 603
6801 62
6802 276
6803 895
6804 550
6805 357
6806 939
6807 454
6808 503
6809 600
6810 699
6811 864
6812 573
6813 420
6814 911
6815 278
6816 965
6817 548
6818 430
6819 238
6820 506
6822 473
6824 797
6825 556
6826 281
6827 772
6828 287
6829 199
6830 260
6831 242
6832 848
6833 368
6834 559
6835 870
6836 690
6837 611
6838 655
6839 457
6840 305
6841 246
6842 523
6843 585
6844 181
6845 468
6846 484
6847 292
6848 229
6849 642
6850 582
6851 497
6852 716
6853 826
6854 938
6855 193
6856 185
6857 469
6858 832
6859 35
6860 743
6861 233
6862 76
6863 768
6864 632
6865 744
6866 588
6867 534
6868 537
6869 748
6871 982
6872 338
6873 783
6874 382
6877 791
6878 645
6879 276
6880 535
6881 767
6882 507
6883 469
6884 343
6885 497
6886 202
6887 258
6888 876
6889 519
6890 862
6891 406
6892 9
6893 863
6894 500
6895 830
6896 217
6898 268
6899 286
6900 145
6901 912
6902 514
6903 305
6904 484
6905 278
6906 939
6907 657
6908 195
6909 269
6910 281
6911 864
6912 690
6913 928
6914 799
6915 385
6916 2
6917 546
6918 632
6920 366
6921 958
6922 442
6923 809
6924 339
6925 339
6926 370
6927 245
6928 648
6930 690
6931 733
6932 734
6933 819
6934 808
6935 825
6936 756
6937 74
6938 367
6939 839
6940 535
6941 103
6942 203
6943 80
6944 969
6945 845
6946 431
6947 291
6948 495
6949 118
6950 607
6951 465
6952 580
6954 477
6955 662
6956 252
6957 634
6958 199
6959 221
6960 868
6961 801
6962 426
6963 727
6964 995
6965 110
6966 868
6967 305
6968 570
6969 165
6970 473
6971 550
6972 838
6973 138
6974 342
6975 808
6976 870
6977 384
6978 563
6979 274
6980 174
6981 871
6982 687
6983 17
6984 957
6985 864
6986 633
6987 877
6988 809
6990 748
6991 531
6992 435
6993 565
6994 78
6995 378
6998 780
7000 748
Candidatos nao alocados
13
18
30
33
47
68
88
98
111
116
138
155
165
189
208
213
214
218
238
240
251
255
258
262
312
324
329
331
345
356
368
386
398
416
445
452
483
503
509
517
518
536
553
559
561
589
598
614
617
621
635
649
655
660
673
677
678
681
701
707
791
797
804
827
833
835
841
845
867
873
876
878
886
910
922
924
941
942
1002
1006
1022
1024
1030
1032
1075
1076
1088
1102
1129
1147
1154
1161
1162
1198
1200
1208
1209
1218
1268
1276
1278
1287
1316
1333
1337
1344
1347
1349
1350
1367
1382
1396
1401
1414
1455
1459
1461
1469
1476
1477
1512
1554
1565
1568
1586
1602
1603
1633
1634
1641
1661
1667
1672
1678
1740
1748
1749
1809
1818
1819
1845
1846
1864
1873
1880
1897
1951
1978
1993
2011
2036
2050
2052
2055
2057
2066
2071
2084
2094
2100
2146
2151
2154
2215
2240
2297
2313
2359
2370
2379
2398
2412
2417
2424
2431
2433
2439
2450
2480
2507
2515
2540
2546
2563
2570
2576
2602
2607
2618
2624
2641
2648
2659
2677
2689
2700
2729
2764
2783
2792
2802
2807
2809
2813
2830
2835
2841
2850
2851
2871
2890
2894
2904
2910
2923
2928
2939
2945
2988
2990
3031
3036
3053
3066
3070
3094
3117
3142
3152
3179
3194
3204
3241
3244
3246
3255
3263
3270
3277
3288
3294
3308
3344
3349
3351
3352
3356
3371
3381
3382
3393
3394
3406
3431
3441
3465
3468
3488
3489
3513
3529
3552
3554
3579
3647
3650
3656
3658
3703
3724
3739
3762
3768
3792
3799
3805
3815
3829
3833
3841
3850
3860
3869
3883
3884
3888
3898
3907
3916
3917
3935
3953
3961
3967
3980
3982
4014
4027
4030
4034
4051
4064
4079
4083
4093
4098
4119
4121
4145
4165
4166
4167
4178
4181
4208
4240
4247
4249
4262
4269
4270
4275
4276
4292
4296
4299
4318
4327
4329
4337
4344
4352
4388
4399
4401
4420
4422
4438
4439
4463
4478
4481
4482
4497
4516
4550
4560
4577
4608
4663
4681
4682
4733
4736
4737
4740
4754
4765
4780
4784
4805
4849
4857
4866
4870
4882
4886
4892
4893
4906
4910
4935
4940
4945
4947
4962
4968
4970
4972
4983
5013
5025
5029
5036
5038
5040
5047
5052
5053
5066
5083
5097
5099
5116
5117
5126
5131
5167
5172
5208
5220
5222
5223
5229
5237
5243
5246
5253
5266
5278
5279
5340
5344
5347
5361
5363
5367
5401
5402
5405
5429
5447
5467
5469
5488
5499
5505
5520
5521
5532
5541
5543
5553
5594
5678
5681
5682
5688
5690
5693
5697
5726
5740
5747
5752
5770
5774
5791
5830
5846
5847
5851
5874
5883
5897
5905
5910
5912
5937
5959
5972
5976
5989
6000
6034
6040
6072
6100
6139
6149
6152
6155
6179
6186
6190
6235
6269
6272
6284
6311
6330
6336
6372
6385
6408
6415
6432
6436
6453
6520
6600
6601
6603
6610
6634
6663
6678
6685
6695
6702
6707
6709
6710
6715
6718
6725
6742
6744
6748
6775
6779
6780
6787
6796
6821
6823
6870
6875
6876
6897
6919
6929
6953
6989
6996
6997
6999
