255
0 577
1 969
0 30
1 432
0 734
1 574
1 98
1 830
0 359
1 270
0 518
0 408
0 703
0 697
1 659
0 293
1 203
1 780
1 844
0 922
0 482
0 93
1 789
0 231
1 355
1 229
1 71
0 806
1 538
0 193
1 0
0 812
0 437
0 126
0 184
0 859
1 925
1 937
0 255
1 550
0 49
0 863
0 106
0 584
1 862
1 530
1 954
1 756
1 4
0 362
1 310
1 854
1 552
1 637
1 338
1 107
1 656
1 508
0 329
0 96
0 559
0 122
1 348
0 594
0 140
0 230
1 866
1 375
0 254
0 915
1 198
0 980
0 373
1 305
1 268
0 963
0 718
1 30
1 653
1 799
0 960
0 933
1 803
0 622
0 319
0 339
0 940
1 751
1 185
1 394
1 147
1 662
1 130
1 0
0 696
1 265
0 518
0 860
0 195
1 758
1 708
1 411
1 796
0 649
0 908
0 816
0 88
1 299
1 549
1 692
1 789
1 279
1 846
0 697
0 309
0 245
1 933
0 354
0 198
0 399
1 426
0 540
1 381
0 424
1 518
0 864
1 453
1 993
1 971
0 29
0 835
0 678
1 620
0 875
1 415
0 613
0 869
0 46
1 371
0 870
0 966
1 886
0 256
0 407
0 258
0 888
0 710
0 239
0 286
1 838
1 768
0 233
1 984
1 577
0 439
0 244
1 560
0 203
0 388
0 424
0 46
1 118
0 566
1 157
1 852
0 243
1 826
0 255
0 445
0 164
0 659
1 359
0 918
1 415
1 863
1 642
0 220
1 46
1 498
1 18
1 888
1 659
0 118
1 213
0 817
0 828
1 165
1 73
1 438
0 388
0 708
0 591
1 171
0 404
0 530
0 709
0 64
1 201
0 351
1 435
0 481
0 332
1 829
1 419
0 585
0 949
0 217
0 601
0 866
1 748
1 117
0 883
1 894
1 53
0 188
0 102
0 131
0 696
0 530
1 608
0 302
1 788
0 785
1 288
1 83
1 115
1 872
1 763
1 772
0 699
1 686
1 10
0 616
1 157
0 201
0 951
1 701
0 402
1 816
0 205
1 415
0 481
0 8
1 741
0 750
0 430
1 621
1 943
1 837
1 72
0 245
0 921
0 140
0 121
0 703
