500
20 824
24 850
6 384
16 515
9 939
9 665
18 532
0 808
1 106
10 657
17 164
27 601
27 657
18 847
18 850
7 391
18 944
23 307
1 870
6 952
2 622
28 521
17 340
23 246
16 664
28 22
28 73
15 654
4 348
3 552
11 988
14 562
3 874
17 949
24 70
14 931
23 896
0 226
3 160
21 62
12 66
6 342
15 707
6 560
26 877
26 944
3 744
29 485
3 754
10 740
24 22
15 205
21 813
11 843
23 595
27 797
15 679
8 800
17 824
4 131
29 851
5 254
4 960
8 902
5 862
26 226
26 312
8 491
2 553
25 96
14 619
15 498
18 411
22 683
21 37
3 315
27 268
22 483
26 998
22 630
24 716
0 432
13 668
22 842
12 637
26 58
24 211
26 552
27 544
2 238
6 119
1 160
27 813
19 305
0 407
25 359
14 171
7 841
10 404
28 750
2 1
18 986
19 363
1 525
16 152
27 179
22 6
11 350
27 672
12 318
26 971
14 892
17 468
23 671
5 105
11 602
7 918
26 699
20 814
5 569
14 367
13 619
6 86
17 882
1 3
23 526
21 567
0 497
20 531
19 286
6 969
25 122
21 855
24 547
10 735
2 706
7 553
22 165
24 673
16 777
23 628
14 30
8 101
14 300
22 385
17 958
25 855
26 619
26 590
20 448
3 972
23 808
29 167
15 854
9 90
10 897
25 624
8 603
24 454
25 46
17 869
15 572
24 463
20 813
16 46
19 448
16 104
14 924
11 609
1 492
24 97
14 107
21 4
15 135
6 993
1 677
14 565
5 274
13 129
13 461
20 36
3 574
28 855
23 102
18 965
22 852
20 672
15 473
13 48
18 825
25 861
5 902
29 440
3 143
21 952
25 124
3 512
18 128
9 576
11 519
20 204
23 292
17 19
6 241
15 443
4 799
6 948
5 419
5 565
23 646
8 856
29 194
10 158
13 424
13 933
8 965
4 3
20 702
15 401
6 472
4 389
4 838
12 661
22 413
23 508
27 122
27 518
5 421
29 18
18 792
18 477
22 777
11 393
6 575
22 801
19 18
15 6
13 906
16 493
29 273
14 757
3 364
7 91
10 332
2 319
3 440
16 259
13 658
21 765
7 827
16 969
23 135
12 81
21 22
5 49
22 266
0 761
14 771
9 796
14 341
14 606
2 291
26 67
11 207
19 561
22 777
7 259
21 885
15 643
25 605
16 582
23 187
27 882
25 574
1 441
18 481
11 75
29 603
19 411
17 664
12 534
29 882
25 42
24 823
25 362
22 757
28 679
20 666
22 282
16 927
17 844
14 461
8 871
19 441
29 563
28 634
16 235
16 579
10 972
6 342
13 210
0 348
6 732
21 830
28 944
28 118
25 544
27 777
10 22
0 386
15 12
13 372
10 225
27 905
23 42
1 912
23 34
10 522
15 964
4 471
22 487
21 766
28 858
20 445
27 450
10 154
3 922
28 400
15 167
18 724
20 622
7 152
14 275
27 113
24 405
4 526
9 863
25 613
6 214
0 980
11 960
0 126
26 40
13 718
16 903
3 106
5 457
13 871
11 312
10 660
18 257
13 680
2 858
19 910
29 731
18 426
0 403
18 952
1 459
13 650
24 491
17 576
19 395
11 59
24 120
20 805
21 285
24 878
26 466
8 595
3 56
29 959
28 263
6 592
10 269
10 464
7 377
18 778
11 175
3 169
6 245
2 53
20 147
26 54
1 97
4 881
14 360
23 993
20 749
5 34
11 515
19 848
26 227
29 354
29 461
26 78
26 186
8 927
16 442
25 327
1 320
29 73
25 737
13 993
13 340
0 573
17 906
5 128
26 735
4 916
29 696
15 281
29 506
26 596
21 879
9 178
4 820
14 258
22 7
29 421
7 348
15 584
2 103
21 766
17 574
8 723
26 747
25 842
2 903
16 200
4 49
21 360
26 320
22 806
25 249
17 365
4 601
11 230
6 350
27 232
12 57
23 884
13 339
17 747
2 852
14 403
22 15
0 150
4 761
29 352
28 562
24 296
2 356
1 557
23 212
24 11
17 433
6 454
29 310
0 704
11 527
0 753
13 559
28 257
15 238
16 19
28 708
7 653
1 532
1 841
20 688
13 84
6 747
23 273
27 118
20 908
0 774
18 568
13 943
22 33
5 505
25 671
4 749
26 657
25 222
13 95
7 39
16 410
8 407
2 222
24 351
19 861
6 861
0 838
15 323
2 364
24 995
8 421
22 738
17 94
