200
20 537
10 791
3 162
20 833
11 311
5 706
6 468
16 449
15 982
7 447
19 795
27 816
26 231
28 921
4 197
28 329
15 61
28 162
3 510
16 802
13 266
3 641
25 41
18 349
11 344
20 741
17 17
1 428
1 987
23 80
27 677
22 608
13 219
23 343
0 454
23 931
23 722
17 525
8 41
20 166
1 360
13 904
28 843
15 5
5 370
27 12
22 185
0 166
1 80
6 513
25 33
28 325
10 85
21 899
21 414
22 893
14 662
17 221
11 818
4 23
3 2
26 616
12 346
16 972
11 671
6 30
6 999
2 839
12 897
18 590
27 183
1 465
0 659
16 730
21 603
5 735
13 169
12 172
19 822
0 321
5 698
21 576
3 708
11 159
1 533
10 604
2 612
2 941
22 445
29 818
23 114
21 342
27 903
24 489
16 37
8 597
23 852
16 121
7 968
3 543
19 720
29 596
9 906
8 673
4 207
28 87
3 42
27 294
15 323
8 739
8 283
7 476
1 198
20 384
21 567
1 46
29 764
24 690
15 869
23 400
2 543
10 777
11 297
28 910
12 854
12 361
15 674
15 962
14 433
9 417
21 962
8 358
24 796
5 776
18 99
13 120
20 43
18 917
14 658
12 342
22 474
10 28
14 540
16 709
6 24
18 43
19 970
25 402
4 138
7 809
29 733
5 570
28 516
5 498
1 312
1 375
12 232
23 313
12 83
9 816
11 528
9 94
7 951
28 952
26 53
3 707
10 69
0 252
23 764
12 758
15 970
10 933
1 918
7 44
27 648
25 108
5 409
2 52
22 78
23 828
20 143
6 918
27 502
0 797
4 300
7 411
10 759
0 852
13 279
18 676
16 446
3 172
1 367
4 594
28 918
3 577
16 337
10 964
8 44
27 174
