200
0 82

1 40
15
6 44
57 18 33 44 10 49
0 42

7 69
2 24 23 1 59 15 32
1 75
29
3 83
28 1 18
6 51
29 12 45 30 55 57
7 24
38 8 41 5 36 28 29
7 88
60 23 3 38 43 59 51
9 98
26 37 16 18 42 1 32 54 38
3 77
44 47 20
5 60
41 52 34 35 40
8 27
17 15 35 26 59 21 44 30
6 47
53 59 54 49 1 8
3 66
16 57 46
5 47
48 44 35 33 30
8 81
55 29 39 57 2 8 23 27
1 52
9
0 85

2 75
57 40
8 16
13 7 6 8 50 5 30 45
6 90
48 3 19 32 49 5
8 20
59 36 34 54 19 12 11 47
7 41
30 32 40 33 6 11 1
3 48
37 45 38
5 100
60 42 44 24 30
3 42
48 38 45
9 48
57 13 45 16 33 48 34 49 41
4 42
12 33 28 31
2 33
14 54
2 97
33 50
9 22
14 46 42 57 31 25 59 53 7
8 77
48 29 5 37 8 52 34 60
5 91
8 54 19 32 31
0 10

2 84
11 51
9 0
29 59 50 18 57 28 44 43 3
4 61
31 47 32 3
2 88
59 23
5 90
42 59 38 1 33
7 5
21 2 60 56 11 32 38
3 32
33 9 43
3 14
54 47 31
7 55
45 15 46 1 56 5 7
7 20
45 35 47 49 25 20 36
1 70
26
9 13
23 57 55 4 39 32 21 50 17
3 92
17 40 43
7 23
41 55 35 22 3 5 28
9 86
14 5 57 39 7 17 58 16 54
0 29

2 44
53 21
7 45
55 36 18 22 21 8 44
4 46
6 32 4 21
6 34
59 26 27 30 51 37
5 95
17 59 42 48 38
0 6

9 88
7 60 47 50 10 56 27 52 49
2 79
36 25
4 13
51 32 30 25
1 52
42
9 47
21 9 7 4 24 36 27 48 58
5 84
35 12 39 49 17
5 8
47 36 26 51 33
7 31
57 28 25 15 2 51 1
6 25
6 55 17 51 9 20
2 27
12 15
3 10
22 20 3
9 90
2 49 40 23 50 10 45 56 31
5 52
31 52 57 53 50
8 46
33 43 14 39 26 49 56 24
8 15
58 8 3 55 43 17 47 13
8 7
28 53 3 16 50 14 31 18
5 61
56 57 27 42 14
6 97
27 9 7 19 45 58
0 31

9 97
28 38 13 18 57 26 35 30 52
0 13

6 91
32 56 33 2 10 44
9 23
19 21 10 55 36 11 17 6 16
7 76
55 21 7 2 43 1 6
4 67
59 1 42 7
1 34
21
5 62
27 30 42 3 10
7 93
58 17 27 32 51 41 10
0 24

6 25
7 4 54 53 31 32
1 11
39
5 63
6 53 54 15 19
4 82
56 35 3 37
5 23
14 55 9 46 47
5 51
47 50 45 11 28
6 5
49 20 46 17 55 27
8 14
10 8 52 11 29 40 56 18
4 42
24 60 49 15
9 21
25 42 19 53 57 32 27 28 17
0 85

2 31
2 26
5 27
20 25 28 53 3
2 76
53 33
0 51

7 73
1 41 43 17 35 12 38
4 66
28 2 7 23
6 54
17 28 57 34 19 47
3 79
15 7 13
7 27
45 16 22 36 6 39 51
1 74
16
9 81
46 50 20 34 43 17 48 16 35
0 35

5 4
51 5 44 52 21
2 32
1 2
6 1
47 56 60 25 57 52
8 18
18 25 46 60 26 28 19 12
1 98
22
8 41
28 2 22 24 47 15 11 46
5 99
30 53 21 48 7
9 8
33 20 57 24 35 42 14 38 1
6 91
38 39 48 13 58 16
9 28
25 49 20 34 29 28 48 57 21
0 66

1 85
53
4 3
7 19 17 50
7 59
34 27 48 58 7 5 37
1 90
52
7 81
39 59 12 29 24 32 26
3 86
38 42 33
5 0
20 5 6 51 49
6 52
13 48 36 25 38 5
6 62
40 22 30 36 15 50
3 44
47 22 40
0 8

0 88

1 88
59
9 12
56 27 23 8 26 54 40 17 4
6 25
6 58 42 21 24 7
4 62
56 45 46 52
5 39
56 8 60 25 47
0 87

3 22
57 56 9
8 20
5 55 3 13 27 34 16 40
9 89
24 10 54 5 34 50 23 22 52
8 21
23 8 15 51 11 60 20 32
4 27
1 18 9 42
0 1

8 31
30 48 17 50 13 23 41 33
2 11
27 51
5 29
13 30 28 45 47
9 10
16 21 29 23 49 41 44 10 54
3 21
43 1 21
1 51
21
9 45
26 35 41 10 11 39 17 33 57
4 19
56 20 40 7
8 49
34 53 22 32 12 49 56 38
8 98
45 9 48 3 31 53 38 12
5 68
4 3 31 27 9
5 54
43 33 30 60 6
0 34

3 28
54 41 57
7 21
20 15 31 25 56 5 44
8 74
16 24 52 4 8 57 25 55
8 33
47 49 7 21 25 1 55 13
7 4
12 25 39 53 1 2 48
1 27
27
9 64
52 13 53 22 26 54 3 56 50
8 96
2 14 43 52 37 26 5 18
1 84
36
1 68
25
0 85

8 100
43 5 44 26 55 22 34 53
3 28
19 21 46
4 91
43 4 52 11
0 4

7 10
6 43 10 41 51 36 32
5 49
23 12 59 50 34
8 89
38 39 3 56 21 51 25 29
0 7

1 54
19
6 31
16 42 39 29 36 1
0 15

3 95
31 25 24
9 42
53 25 14 33 16 17 12 49 26
0 80

6 7
53 9 35 40 26 24
9 70
60 42 37 55 44 58 23 9 15
3 49
27 22 42
6 6
54 36 42 50 4 12
0 54

4 52
34 4 60 41
3 56
24 53 50
6 4
37 29 23 30 46 21
4 57
36 48 3 28
2 88
12 46
3 37
32 38 26
4 86
22 48 42 15
1 6
52
9 24
1 46 38 39 34 43 30 20 29
4 100
24 58 6 11
8 79
13 33 52 56 42 2 23 36
4 54
17 15 31 33
