719
2 235
5 127
2 406
71 135
2 650
22 220
2 89
254 105
2 525
211 146
2 157
65 237
2 947
224 67
2 191
55 85
2 828
233 183
2 639
41 90
2 655
59 221
2 992
58 36
2 336
130 185
2 842
225 55
2 777
57 10
2 151
253 75
2 744
139 170
2 62
132 97
2 302
50 74
2 864
1 114
2 127
207 45
2 889
28 102
2 54
111 103
2 125
158 72
2 851
181 129
2 543
221 126
2 818
115 136
2 56
76 140
2 353
248 189
2 538
219 190
2 565
24 141
2 742
49 40
2 93
237 150
2 650
99 179
2 191
16 231
2 551
69 130
2 609
183 11
2 355
130 150
2 399
249 83
2 627
212 17
2 191
235 29
2 624
29 69
2 717
10 218
2 57
236 14
2 248
123 244
2 489
191 57
2 755
3 112
2 39
238 241
2 217
101 235
2 920
174 63
2 175
61 43
2 601
60 198
2 872
144 79
2 930
161 59
2 701
182 181
2 745
80 243
2 913
108 245
2 731
17 228
2 858
76 200
2 181
89 246
2 906
245 178
2 911
175 109
2 415
173 252
2 693
6 30
2 69
106 211
2 176
67 36
2 112
212 15
2 869
212 31
2 108
198 233
2 301
35 193
2 694
190 55
2 548
3 229
2 106
14 19
2 467
103 24
2 686
122 1
2 701
194 195
2 692
127 151
2 723
48 107
2 214
196 177
2 382
33 211
2 147
243 17
2 755
119 20
2 424
104 160
2 408
212 7
2 326
221 255
2 880
58 194
2 812
185 192
2 726
198 239
2 733
114 179
2 0
135 83
2 90
220 70
2 907
104 61
2 361
88 164
2 559
91 247
2 192
116 212
2 712
14 141
2 292
233 70
2 737
220 13
2 604
58 253
2 1
71 4
2 230
40 95
2 366
25 198
2 265
28 158
2 34
191 248
2 521
231 235
2 29
144 121
2 331
122 98
2 739
36 190
2 354
60 247
2 391
7 62
2 233
37 229
2 25
8 253
2 214
39 152
2 222
105 87
2 839
162 63
2 699
47 78
2 63
72 234
2 953
234 40
2 997
39 31
2 388
45 219
2 621
208 64
2 336
87 61
2 550
125 85
2 772
101 43
2 300
7 105
2 1000
180 55
2 753
124 253
2 115
162 231
2 508
179 141
2 704
44 58
2 167
16 10
2 451
188 97
2 398
121 93
2 519
98 194
2 575
240 72
2 521
142 252
2 711
179 247
2 792
195 153
2 217
121 203
2 356
205 246
2 885
252 133
2 91
107 66
2 322
150 58
2 115
22 155
2 804
64 139
2 170
210 25
2 790
27 204
2 185
223 15
2 0
11 7
2 230
195 211
2 955
181 207
2 482
49 186
2 150
12 80
2 509
195 229
2 711
188 164
2 674
126 118
2 780
58 16
2 470
237 110
2 170
58 120
2 459
208 60
2 661
94 112
2 321
113 32
2 202
68 171
2 392
209 110
2 408
121 170
2 826
43 40
2 856
118 224
2 208
140 205
2 675
176 7
2 162
219 87
2 718
217 180
2 225
165 37
2 775
44 105
2 380
2 185
2 847
187 177
2 977
25 219
2 631
235 209
2 599
204 93
2 448
155 14
2 486
97 232
2 635
226 65
2 539
211 229
2 59
99 17
2 348
31 145
2 914
71 203
2 156
153 99
2 441
18 205
2 546
106 153
2 941
144 52
2 486
61 21
2 951
190 246
2 65
244 73
2 462
80 171
2 31
146 73
2 858
14 143
2 346
57 167
2 705
64 184
2 787
23 35
2 492
75 50
2 112
11 237
2 883
51 172
2 210
154 160
2 630
230 111
2 607
68 2
2 901
49 15
2 979
105 71
2 886
132 7
2 564
109 29
2 301
238 103
2 545
35 241
2 473
108 36
2 409
170 61
2 201
50 36
2 291
227 230
2 25
221 23
2 318
230 254
2 325
151 3
2 559
254 238
2 875
136 92
2 211
194 126
2 56
107 233
2 50
190 148
2 640
51 69
2 595
149 40
2 948
248 5
2 936
233 235
2 214
160 2
2 870
221 255
2 378
55 7
2 231
118 200
2 232
167 179
2 262
122 113
2 533
10 35
2 674
188 183
2 672
85 47
2 47
131 24
2 849
48 56
2 962
221 21
2 950
122 75
2 113
113 64
2 688
230 102
2 527
197 224
2 349
182 105
2 354
108 38
2 215
72 249
2 265
168 252
2 514
115 44
2 285
63 136
2 829
137 2
2 709
217 115
2 446
114 89
2 479
60 157
2 166
119 211
2 838
213 190
2 88
106 6
2 556
172 46
2 865
7 160
2 539
152 223
2 138
189 104
2 733
172 193
2 242
219 178
2 589
112 237
2 346
100 228
2 426
192 185
2 813
194 162
2 177
189 78
2 949
180 85
2 975
86 108
2 906
127 42
2 0
42 85
2 373
199 48
2 782
62 159
2 373
208 3
2 566
54 67
2 644
89 5
2 893
1 193
2 196
214 244
2 450
76 74
2 248
160 72
2 799
219 241
2 810
88 184
2 419
133 117
2 794
32 196
2 411
158 121
2 107
85 209
2 352
173 82
2 10
211 40
2 17
204 115
2 841
178 146
2 689
192 109
2 605
164 68
2 521
55 73
2 24
104 231
2 463
28 134
2 951
145 90
2 301
11 135
2 691
196 90
2 759
114 165
2 860
232 88
2 208
167 24
2 495
213 59
2 94
60 113
2 167
24 89
2 396
55 116
2 347
79 133
2 735
56 143
2 69
114 84
2 929
211 69
2 762
167 46
2 508
140 84
2 966
222 41
2 633
243 228
2 240
81 251
2 651
149 50
2 895
223 255
2 770
131 56
2 628
45 169
2 859
175 125
2 789
87 163
2 950
86 48
2 410
108 141
2 85
60 128
2 185
252 80
2 735
22 100
2 577
35 67
2 972
179 69
2 601
83 240
2 155
70 159
2 82
253 118
2 241
225 203
2 221
26 55
2 827
121 241
2 532
61 238
2 504
251 131
2 449
234 165
2 93
89 216
2 483
254 170
2 756
77 112
2 461
151 109
2 740
4 205
2 791
160 102
2 889
72 222
2 666
239 27
2 744
229 149
2 82
64 127
2 265
93 216
2 63
62 86
2 104
142 162
2 936
254 184
2 36
100 187
2 356
148 218
2 997
122 162
2 40
209 145
2 675
22 118
2 12
93 54
2 251
201 18
2 742
13 79
2 85
250 92
2 127
215 218
2 259
33 62
2 102
183 82
2 880
52 75
2 416
14 155
2 935
3 177
2 629
141 128
2 273
86 145
2 705
99 95
2 790
220 187
2 917
52 149
2 175
211 82
2 968
138 35
2 847
61 237
2 262
75 136
2 887
204 184
2 516
89 70
2 464
110 155
2 761
227 125
2 295
15 217
2 25
144 13
2 129
160 223
2 144
122 233
2 86
118 38
2 172
183 239
2 664
204 188
2 565
173 148
2 965
14 130
2 596
254 101
2 874
205 243
2 80
215 3
2 671
244 163
2 588
227 29
2 58
245 18
2 377
243 72
2 190
122 21
2 816
185 65
2 346
188 78
2 365
91 76
2 267
246 153
2 150
233 112
2 311
106 227
2 926
200 199
2 651
16 188
2 334
124 47
2 236
215 169
2 936
238 225
2 638
154 29
2 806
198 247
2 892
215 109
2 189
91 86
2 725
225 191
2 317
10 7
2 492
79 22
2 955
164 18
2 258
193 232
2 65
115 215
2 942
101 113
2 851
164 182
2 79
48 14
2 191
83 231
2 267
229 200
2 667
92 210
2 980
24 160
2 952
16 68
2 342
54 132
2 961
5 246
2 692
52 218
2 192
127 213
2 743
46 98
2 934
129 74
2 891
102 145
2 558
193 99
2 537
89 130
2 178
104 69
2 211
157 201
2 862
33 63
2 553
84 26
2 745
82 152
2 261
147 197
2 195
4 70
2 96
120 44
2 588
176 236
2 530
51 196
2 120
22 171
2 204
231 72
2 240
146 231
2 314
108 186
2 841
228 13
2 348
177 31
2 948
224 161
2 7
89 26
2 553
226 201
2 305
78 252
2 786
59 145
2 545
109 120
2 316
231 137
2 973
161 116
2 324
115 88
2 35
93 9
2 158
139 233
2 5
254 193
2 469
30 35
2 106
41 112
2 453
119 43
2 759
113 151
2 544
51 127
2 670
91 32
2 379
189 18
2 106
44 110
2 112
57 120
2 903
102 119
2 644
45 20
2 232
188 187
2 580
199 50
2 115
99 35
2 733
245 212
2 673
144 47
2 249
158 107
2 374
4 150
2 13
240 78
2 807
71 52
2 760
94 96
2 497
23 28
2 943
64 98
2 572
19 196
2 311
125 57
2 786
228 200
2 968
235 102
2 872
4 232
2 842
9 216
2 108
134 158
2 676
249 251
2 323
128 19
2 537
193 209
2 770
180 228
2 470
72 224
2 181
176 196
2 883
69 175
2 23
69 50
2 710
91 59
2 363
62 64
2 578
84 185
2 996
73 57
2 230
89 122
2 862
74 173
2 313
126 244
2 389
234 36
2 691
158 105
2 540
55 45
2 618
183 135
2 630
143 196
2 382
6 24
2 633
247 96
2 569
250 56
2 443
206 1
2 898
134 253
2 864
30 103
2 196
249 5
2 174
132 59
2 669
191 241
2 901
181 129
2 289
234 6
2 889
216 252
2 23
126 119
2 919
30 69
2 35
105 203
2 842
41 104
2 210
140 97
2 712
87 228
2 681
206 36
2 205
205 216
2 960
144 194
2 521
105 26
2 264
162 23
2 731
147 179
2 162
131 156
2 871
112 196
2 244
69 207
2 666
30 39
2 363
177 244
2 956
53 65
2 763
58 208
2 857
195 58
2 870
73 91
2 681
197 109
2 803
134 239
2 754
17 96
2 778
131 36
2 69
87 192
2 495
143 113
2 723
233 38
2 652
156 222
2 573
143 33
2 754
156 232
2 217
63 173
2 884
148 178
2 95
134 194
2 767
59 70
2 107
63 28
2 828
233 170
2 300
8 20
2 419
229 47
2 454
148 189
2 306
251 216
2 239
190 23
2 676
109 43
2 85
138 176
2 721
135 234
2 134
39 168
2 992
7 17
2 347
87 151
2 155
204 125
2 179
159 17
2 656
146 13
2 456
238 202
2 568
119 182
2 176
49 191
2 34
45 70
2 920
110 108
2 592
75 242
2 855
209 200
2 122
106 21
2 45
49 179
2 577
180 70
2 781
144 179
2 254
3 169
2 881
158 89
2 756
106 134
2 335
158 115
2 108
123 189
2 211
232 14
2 324
109 119
2 867
237 167
2 983
126 219
2 977
155 234
2 88
1 236
2 684
29 11
2 538
247 116
2 62
24 145
2 701
163 140
2 133
161 116
2 89
231 96
2 341
65 204
2 140
78 201
2 451
32 100
2 419
36 101
2 304
208 1
2 281
87 247
2 766
97 142
2 677
95 50
2 297
154 82
2 171
226 57
2 731
161 122
2 401
135 71
2 450
199 230
2 276
115 137
2 206
10 90
2 430
43 48
2 393
190 144
2 741
99 239
2 270
20 137
2 883
55 107
2 594
58 139
2 269
8 146
2 581
159 89
2 816
27 75
2 442
121 211
2 833
89 253
2 836
174 59
2 203
18 30
2 637
166 49
2 650
14 230
2 641
172 159
2 952
196 167
2 101
162 197
2 851
230 223
2 620
179 89
2 91
217 49
2 548
47 94
2 443
20 239
2 765
104 149
2 500
68 162
2 201
11 205
2 598
219 145
2 402
189 179
2 134
247 153
2 379
252 76
2 34
213 37
2 530
43 210
2 640
186 229
2 413
104 204
2 810
196 17
2 404
8 154
2 788
233 244
2 922
241 177
2 695
190 168
2 304
107 165
2 501
238 249
2 498
35 36
2 440
180 221
2 220
180 69
2 477
73 10
2 549
255 144
2 77
5 121
2 13
153 234
2 839
224 168
2 22
192 146
2 256
107 129
2 631
58 163
2 74
90 214
2 650
222 138
2 811
176 210
2 439
145 210
2 736
12 86
2 297
249 110
2 527
152 78
2 940
223 14
2 222
201 120
2 101
173 49
2 416
179 138
2 186
151 104
2 825
64 152
2 522
112 168
2 681
49 180
2 89
106 45
2 49
140 197
2 946
87 36
2 701
52 236
2 887
144 25
2 310
16 204
2 792
228 226
2 551
195 161
2 65
116 18
2 955
245 193
2 223
77 43
2 956
145 183
2 991
162 141
2 660
65 64
2 601
214 208
2 443
28 223
2 953
234 67
2 88
160 6
2 731
110 248
2 940
227 237
2 521
140 185
2 80
97 201
2 146
251 107
2 729
184 43
2 358
97 128
2 828
163 155
2 553
175 5
2 721
158 37
2 535
47 18
2 519
79 116
2 351
49 255
2 813
61 223
2 951
127 90
2 92
78 146
2 937
221 242
2 681
187 21
