300
30 265
67 391 27 314 197 443 62 125 486 34 58 89 454 225 137 31 468 229 329 453 363 304 142 112 241 217 129 208 427 47
30 969
453 360 146 247 273 271 60 259 156 469 199 109 46 336 492 365 416 320 169 130 123 86 349 339 214 56 117 260 5 421
30 324
150 19 244 272 430 354 428 399 53 36 296 388 27 160 155 198 180 136 172 288 258 488 449 323 395 65 435 338 406 400
30 610
1 172 286 355 451 36 407 338 331 146 217 342 152 414 21 287 438 160 44 47 147 492 369 41 409 303 291 246 60 190
30 535
413 213 238 267 163 273 25 1 103 22 217 444 173 482 316 459 419 475 354 317 473 198 38 13 106 192 155 351 252 345
30 447
16 57 41 134 72 165 158 268 31 140 63 203 121 231 13 392 366 208 30 415 245 394 20 437 49 222 40 393 377 55
30 523
417 188 372 433 197 295 52 227 434 467 281 407 145 150 253 362 209 282 277 454 28 296 242 76 18 133 320 394 187 472
30 685
226 196 446 274 490 498 352 276 464 132 34 12 128 183 264 489 391 398 265 425 413 437 282 421 171 175 459 142 188 184
30 147
485 309 179 482 160 306 445 143 339 308 270 373 72 111 263 321 375 311 97 287 99 448 68 20 470 94 478 133 14 300
30 268
322 478 451 334 283 248 328 473 55 450 345 60 107 298 286 417 246 73 16 193 492 387 162 438 364 125 422 377 276 391
30 328
253 342 384 387 441 63 359 495 12 55 473 71 161 122 357 430 368 281 297 412 124 183 426 413 46 402 335 275 177 77
30 990
281 270 60 167 210 474 377 57 486 431 29 56 443 2 264 224 369 44 20 133 54 58 432 100 459 118 226 135 195 402
30 203
316 313 433 26 286 161 82 271 443 462 179 385 463 294 109 184 190 480 209 34 225 492 485 183 110 210 169 156 435 471
30 203
219 348 412 231 429 35 173 242 213 409 205 6 17 240 195 497 55 255 382 131 247 366 313 356 427 333 363 389 119 185
30 836
189 33 278 271 313 312 443 55 24 351 259 382 220 350 428 68 404 183 449 386 429 166 198 136 92 332 352 34 392 66
30 185
162 379 287 104 285 306 395 25 244 323 444 499 5 392 384 57 433 272 500 314 121 183 17 154 232 408 72 59 421 302
30 106
376 86 358 181 480 105 58 223 427 1 221 283 245 104 419 301 36 190 153 201 162 187 69 167 328 238 477 248 391 173
30 293
476 382 155 455 486 212 29 264 213 101 398 309 204 316 461 91 357 113 143 18 152 63 185 70 390 274 489 165 422 111
30 911
303 118 447 141 329 327 404 393 428 154 201 483 469 162 426 326 126 68 195 277 131 379 198 372 5 361 169 368 323 160
30 555
440 106 15 269 285 270 13 212 423 66 194 392 227 119 69 204 39 263 333 21 494 30 498 329 252 18 196 75 177 70
30 606
135 84 134 419 354 499 482 276 64 175 167 142 146 87 345 184 350 177 204 195 59 95 44 387 199 61 434 125 89 4
30 240
75 87 124 493 440 474 326 68 37 1 86 178 146 173 374 181 403 384 461 330 111 199 28 23 132 152 135 142 38 74
30 937
382 365 90 208 432 126 18 155 205 190 380 385 63 282 120 482 94 449 444 292 477 466 276 480 428 262 121 465 335 89
30 136
52 178 54 483 155 113 500 161 169 41 53 455 322 172 436 416 472 231 59 300 196 334 280 476 448 252 440 282 341 138
30 475
370 191 168 25 155 19 185 323 60 225 227 366 399 398 154 166 222 384 224 21 432 410 300 407 209 52 346 342 244 336
30 93
113 26 194 137 33 212 174 355 123 398 82 341 148 331 494 313 52 229 389 73 160 150 224 66 358 127 264 199 370 99
30 300
483 476 270 471 8 334 144 215 456 394 296 41 126 141 206 30 370 94 102 381 95 177 299 304 62 354 173 12 79 7
30 669
200 478 347 33 121 61 489 366 208 136 407 185 129 464 214 350 409 167 230 3 344 380 306 147 441 11 171 304 178 143
30 173
155 341 173 127 253 13 493 460 1 251 144 481 214 210 330 122 376 411 476 71 291 133 69 83 143 240 387 84 269 29
30 738
275 221 248 253 473 261 245 432 113 347 427 93 60 136 422 33 12 184 360 434 474 492 3 57 135 94 295 70 362 175
30 188
136 395 40 388 367 152 485 150 264 183 76 356 95 212 129 127 75 313 487 8 138 330 10 46 316 103 340 385 366 177
30 360
260 69 43 478 72 379 127 188 61 203 395 155 266 24 134 340 472 199 325 301 209 371 117 163 62 1 479 428 30 133
30 478
450 175 17 373 53 143 60 114 197 455 268 462 330 253 153 224 352 341 25 412 63 493 74 125 404 374 37 442 323 458
30 285
116 453 107 81 149 413 348 463 242 115 258 176 318 451 52 229 13 44 155 489 389 410 244 262 298 186 437 361 495 484
30 842
447 442 408 448 355 107 410 96 59 376 206 235 194 156 286 422 20 182 428 361 70 338 104 331 135 289 119 495 136 102
30 776
82 396 229 29 250 336 290 345 246 166 402 480 359 57 118 132 429 299 60 289 368 397 392 50 383 33 169 230 168 122
30 1000
101 17 132 482 118 319 271 315 64 436 216 396 146 273 13 278 201 163 337 341 30 85 232 431 116 451 48 135 425 88
30 235
434 69 411 252 339 225 167 127 440 414 272 212 426 49 264 88 237 104 469 173 188 492 303 202 391 290 126 341 377 419
30 950
445 329 377 135 53 396 261 492 309 385 56 87 285 319 26 22 275 495 46 462 98 389 116 299 280 405 277 120 133 195
30 733
77 375 474 64 279 369 324 270 30 208 177 116 345 348 141 366 122 487 263 435 84 152 402 235 283 307 11 254 291 57
30 554
368 283 325 431 61 45 106 182 74 166 359 41 10 58 227 179 20 341 465 104 344 366 190 126 24 200 380 315 108 378
30 415
390 54 316 450 99 421 131 172 438 341 213 299 398 246 25 428 265 218 392 220 61 110 409 187 133 460 66 419 295 332
30 59
349 147 109 447 420 92 470 357 432 34 156 182 279 32 396 249 353 467 162 462 228 348 446 39 413 245 458 59 428 265
30 83
75 374 205 494 465 175 202 248 208 357 429 339 241 390 86 341 242 404 2 55 483 349 500 22 113 96 479 24 95 430
30 963
320 487 443 136 161 144 236 220 353 164 410 93 53 347 285 146 103 287 200 85 52 106 452 499 436 475 374 383 256 323
30 249
242 265 190 254 261 425 326 113 440 235 57 345 434 193 490 36 479 42 120 318 445 78 121 295 365 95 169 247 202 491
30 301
444 256 342 197 368 266 22 480 57 109 388 401 42 80 243 429 411 136 48 432 477 200 226 146 394 440 347 385 92 142
30 90
433 339 359 50 212 190 107 172 429 213 360 101 493 122 88 393 201 19 369 252 245 62 397 138 2 96 374 93 237 217
30 206
427 75 491 116 33 162 396 392 227 256 344 219 377 432 111 430 302 332 181 46 393 36 394 261 339 465 478 216 404 494
30 959
372 27 395 267 270 473 374 465 44 103 248 154 32 50 485 64 95 230 345 482 475 221 243 313 38 72 380 281 14 346
30 503
260 465 373 233 338 337 128 440 85 281 323 486 118 387 80 199 83 414 173 156 8 193 79 217 473 53 442 251 45 97
30 164
417 181 52 106 308 344 42 441 166 27 410 404 458 108 487 371 280 142 378 117 186 456 158 361 479 495 111 24 91 177
30 851
124 80 397 431 423 290 371 441 316 280 344 274 239 330 144 19 323 374 487 8 181 172 165 41 3 11 378 454 31 169
30 729
111 418 7 33 207 230 473 23 361 169 148 100 350 291 470 173 16 456 180 197 480 89 482 59 444 359 12 474 27 88
30 33
296 447 469 3 28 293 377 240 313 24 191 163 166 160 335 182 116 366 230 95 414 318 428 325 113 286 336 439 164 276
30 585
460 74 194 314 453 339 190 192 151 65 383 313 230 394 499 263 9 217 344 455 130 14 382 454 126 19 142 64 183 269
30 51
142 342 131 307 294 469 348 485 472 412 219 284 493 113 135 108 473 351 451 280 332 464 13 138 442 32 279 5 214 47
30 768
207 240 277 365 33 245 212 369 68 475 440 352 319 404 486 278 376 188 229 7 19 44 20 156 485 403 286 342 468 332
30 203
26 423 411 390 455 8 453 176 75 427 115 278 97 18 375 245 302 103 252 321 498 123 328 483 25 114 324 492 297 458
30 269
220 221 258 26 228 210 201 154 488 315 432 84 184 46 458 429 200 412 32 20 410 6 199 244 30 164 419 373 313 241
30 335
448 350 409 27 59 462 181 398 128 112 481 312 9 291 92 208 54 475 227 315 480 278 58 361 441 476 85 253 56 177
30 420
3 26 397 30 436 358 210 333 485 173 165 148 181 455 91 389 9 65 467 175 44 244 233 256 37 60 340 141 115 16
30 783
470 41 377 351 476 234 60 160 70 84 325 264 131 4 139 225 471 166 120 66 250 376 454 309 215 447 276 231 75 97
30 345
451 447 99 36 358 110 457 441 434 26 56 65 186 60 55 262 382 220 381 299 469 256 253 130 323 199 257 53 125 353
30 495
427 299 477 462 8 87 270 448 20 296 355 436 333 266 491 446 147 62 178 31 434 50 12 108 248 268 224 472 38 150
30 660
15 463 129 101 232 428 472 379 282 408 63 48 398 8 46 459 186 343 341 471 392 352 78 491 89 214 442 478 363 492
30 114
191 92 409 118 64 287 252 323 350 151 220 357 196 30 394 391 371 364 282 74 293 273 45 381 338 486 211 53 49 202
30 196
91 146 137 61 424 312 383 273 314 454 481 361 483 375 251 205 238 385 279 157 323 263 346 160 473 398 208 27 127 151
30 123
263 211 84 186 374 466 310 187 419 291 399 253 17 2 458 106 386 88 488 394 262 103 239 421 427 489 481 453 115 483
30 382
377 193 59 415 66 24 76 104 294 218 354 399 234 355 208 340 240 295 327 485 56 429 224 328 356 212 160 308 178 142
30 649
406 186 194 172 103 70 248 206 215 465 412 113 199 266 320 390 358 114 216 342 21 145 417 201 352 480 212 11 157 354
30 592
63 39 340 234 142 261 481 199 475 298 462 440 496 80 259 385 437 225 452 130 97 448 47 149 299 378 361 310 35 66
30 966
97 456 498 182 449 258 15 500 85 312 461 24 159 40 282 395 328 358 346 458 455 294 356 103 444 233 315 105 119 380
30 441
67 336 409 249 136 19 263 135 103 74 96 126 84 487 259 478 315 117 323 124 71 468 331 25 412 415 340 16 34 279
30 758
258 188 200 394 206 462 28 308 387 475 285 470 43 299 128 11 474 103 433 293 458 204 199 149 72 84 71 350 36 329
30 256
235 74 446 49 453 105 287 428 389 109 241 284 407 368 294 380 322 79 173 254 388 228 304 36 151 458 353 423 138 157
30 307
187 57 164 143 344 443 32 452 183 167 358 402 312 90 223 390 114 328 277 193 131 18 122 196 292 259 288 301 322 326
30 272
485 469 200 427 352 3 461 370 213 362 181 302 84 71 267 411 347 459 41 11 484 349 54 242 489 354 415 166 63 399
30 963
114 177 337 117 137 206 329 498 387 482 433 309 248 195 7 236 17 360 352 60 51 446 48 257 66 319 111 432 287 240
30 63
276 445 228 125 183 61 58 343 308 252 350 366 339 218 225 188 70 136 91 15 36 347 374 101 17 484 151 448 123 390
30 655
398 187 427 22 221 488 79 64 147 183 413 12 21 130 88 61 199 224 151 65 259 497 439 211 365 274 361 164 396 251
30 371
293 289 142 167 9 129 245 424 127 279 336 139 152 318 78 212 368 153 362 285 263 210 223 473 74 348 334 237 244 436
30 465
388 224 93 54 84 221 299 8 199 429 195 189 80 364 267 291 419 4 368 182 213 442 154 138 289 339 375 32 126 326
30 719
349 418 473 285 490 123 144 40 52 190 229 483 54 495 274 137 265 277 356 298 342 297 304 479 85 142 205 117 268 382
30 910
468 151 212 104 140 335 247 180 238 437 260 220 342 254 345 330 370 474 185 168 315 481 471 293 65 112 498 33 231 379
30 596
199 30 484 154 21 170 401 52 407 189 311 478 416 175 359 286 148 395 305 462 375 275 106 291 238 455 176 469 334 447
30 23
215 430 172 87 99 424 491 357 112 153 187 493 69 361 351 206 8 245 10 321 471 136 426 262 373 381 289 193 66 235
30 925
132 17 235 70 467 10 60 176 122 65 362 114 485 222 317 190 81 413 51 253 384 186 178 497 58 410 285 103 475 371
30 122
458 387 251 28 206 261 439 381 234 3 94 199 487 167 15 176 99 428 78 351 163 263 159 173 438 443 127 264 165 291
30 196
404 42 101 109 154 39 341 387 434 85 380 452 100 408 50 379 485 400 41 427 199 272 216 493 398 332 157 40 405 412
30 823
5 372 234 395 212 472 288 497 57 168 448 156 75 386 59 248 426 158 27 476 281 242 468 30 425 70 181 388 2 185
30 493
88 432 323 59 219 319 467 238 119 474 312 359 223 215 284 232 241 259 13 334 78 394 406 315 439 293 169 476 403 256
30 850
225 166 329 396 133 67 14 458 230 332 317 452 46 184 138 63 48 472 140 293 82 45 108 372 189 276 199 444 383 457
30 565
400 286 415 384 204 280 342 433 112 158 385 9 109 420 147 23 319 118 163 111 51 59 218 422 100 345 121 43 79 429
30 900
479 66 477 362 269 108 55 54 71 212 290 80 173 209 226 47 27 195 489 245 120 59 166 219 403 138 113 482 67 174
30 324
484 2 25 253 462 80 306 32 143 95 111 167 155 188 214 33 382 274 21 478 393 431 144 463 334 133 427 51 101 35
30 349
354 139 267 433 444 299 76 390 261 94 396 449 307 280 182 81 152 160 325 83 155 288 416 214 434 190 166 263 224 472
30 342
362 238 401 157 388 328 398 149 421 145 449 228 424 482 308 75 141 484 147 123 286 189 209 327 354 471 402 177 439 263
30 216
339 271 154 166 20 438 164 102 165 87 84 324 161 76 308 170 75 430 93 212 118 302 38 124 439 352 62 53 252 175
30 876
269 194 277 207 357 231 223 295 314 47 307 241 206 476 315 487 421 26 457 74 63 132 49 353 483 463 405 453 214 79
30 888
335 124 204 41 480 434 115 126 99 13 433 340 218 408 6 57 180 32 365 253 446 496 302 151 330 116 407 134 329 338
30 225
15 461 117 55 293 50 22 418 1 34 350 192 104 110 197 160 141 80 24 246 378 371 399 28 200 14 434 334 342 123
30 748
357 84 10 263 376 412 136 293 264 170 495 307 273 456 3 284 96 435 159 341 164 29 239 43 80 252 328 413 446 451
30 717
154 34 20 268 409 283 404 53 398 73 399 204 197 354 59 480 302 493 138 494 156 18 233 50 97 336 377 10 133 327
30 674
286 360 391 54 120 174 309 25 71 381 423 127 429 129 185 408 282 177 397 275 184 414 359 233 10 195 109 371 327 288
30 383
465 147 281 370 119 306 178 143 228 410 417 354 338 397 38 97 66 493 305 101 406 163 185 267 357 146 138 36 433 27
30 677
431 159 369 49 316 398 191 44 307 460 249 496 356 287 92 386 204 84 190 305 341 352 107 61 486 244 96 270 123 447
30 726
133 167 249 449 64 292 344 222 251 92 217 106 230 308 343 434 243 32 90 83 236 282 41 296 120 285 389 259 441 391
30 213
190 191 122 333 386 195 83 478 411 40 59 70 383 344 312 266 285 246 1 67 286 148 186 422 390 426 180 430 367 423
30 835
408 465 461 240 351 155 174 328 417 213 238 486 447 82 297 65 366 394 432 180 469 101 454 395 133 236 113 55 223 20
30 737
36 111 221 190 284 400 459 348 138 444 147 71 93 211 436 486 127 220 165 191 40 118 145 286 250 380 398 156 454 269
30 442
341 379 99 383 14 498 362 487 284 360 57 376 70 345 214 196 64 378 239 103 347 389 448 114 138 419 407 481 260 285
30 902
142 299 280 482 12 267 117 371 175 493 440 19 206 487 82 435 225 37 134 459 425 81 72 62 184 343 320 16 102 105
30 214
95 255 225 76 266 343 192 136 18 36 427 93 265 470 380 342 6 13 152 282 195 128 418 15 495 19 119 292 465 17
30 871
490 211 83 477 80 471 255 468 63 371 437 294 212 442 306 216 75 251 291 269 378 208 283 373 78 253 164 42 32 433
30 3
95 367 146 174 337 400 141 252 123 77 45 186 370 203 401 296 453 191 65 182 250 199 406 327 452 422 220 280 4 450
30 54
371 95 73 59 347 65 310 469 494 207 154 215 261 55 11 213 97 75 246 273 152 25 76 208 377 100 157 276 322 251
30 488
381 97 264 190 417 109 248 71 324 8 477 334 72 425 260 318 123 384 321 148 460 245 96 167 121 195 175 17 299 397
30 780
415 438 290 23 186 212 346 193 40 31 265 465 434 87 174 254 86 485 350 181 3 470 228 177 70 96 453 220 344 326
30 132
281 468 157 318 179 354 363 71 385 127 35 26 412 473 199 17 59 366 91 389 187 65 256 265 18 476 108 195 461 241
30 546
117 58 193 323 420 115 207 398 149 232 161 473 283 177 383 169 42 474 229 143 122 336 408 491 163 367 38 124 107 51
30 575
17 95 414 288 209 472 38 56 198 182 338 375 64 358 268 389 415 496 384 184 143 379 346 9 321 468 319 413 336 178
30 983
122 150 12 182 205 210 363 394 436 279 251 203 19 166 51 402 54 234 44 284 79 53 52 400 372 370 164 207 134 341
30 225
107 490 193 289 46 402 151 439 189 281 190 391 300 207 441 201 112 26 245 395 105 149 298 356 20 19 371 226 153 211
30 771
259 53 450 47 98 351 50 389 39 182 430 282 481 136 74 34 247 100 130 493 56 278 143 411 149 161 133 226 165 343
30 861
276 395 433 174 345 135 223 233 26 257 162 307 237 149 232 270 247 331 251 239 386 28 148 176 394 280 253 58 475 236
30 631
369 168 7 65 154 81 297 179 337 310 426 458 69 47 204 399 298 295 137 177 27 284 205 272 416 457 330 390 192 14
30 290
211 372 175 365 305 471 395 493 281 232 418 90 300 465 294 50 114 440 186 290 466 470 494 238 385 303 419 274 284 383
30 633
8 57 273 312 380 167 304 12 398 74 101 197 390 246 247 3 185 432 144 253 490 240 489 292 10 114 285 145 349 193
30 656
257 465 315 136 132 471 499 29 44 100 78 285 345 176 139 382 459 282 384 64 271 475 52 414 484 18 51 480 366 243
30 533
122 208 298 110 191 268 108 71 163 59 500 299 256 175 437 137 486 20 49 193 494 452 107 329 469 157 308 334 399 291
30 330
458 89 417 148 208 376 71 371 435 70 169 190 245 178 230 28 197 130 220 42 81 326 370 50 334 29 383 85 320 260
30 100
42 467 186 112 189 120 181 210 161 277 167 338 358 46 34 487 265 427 68 443 148 117 276 176 351 212 347 393 254 106
30 252
147 73 387 258 261 358 290 470 18 419 488 355 276 33 240 115 298 166 34 92 313 2 219 341 352 431 187 96 36 293
30 447
182 217 388 291 477 246 80 299 115 350 286 470 478 319 209 92 468 227 125 59 391 126 129 231 329 411 418 277 446 62
30 359
127 278 165 417 106 262 349 404 377 198 42 175 360 406 266 179 484 242 89 375 219 217 105 48 128 374 176 425 287 453
30 538
64 117 468 22 231 168 425 107 366 466 304 392 177 61 10 207 45 251 295 271 470 364 227 369 343 101 44 267 239 496
30 423
303 464 490 324 194 157 100 300 374 418 455 266 446 16 275 153 412 377 299 182 198 14 408 66 356 360 109 475 99 456
30 545
253 420 133 428 465 290 379 265 15 148 219 280 94 86 54 98 497 283 248 30 480 262 438 46 469 149 6 443 99 314
30 258
203 85 71 130 49 212 361 313 227 8 384 358 101 321 264 50 318 46 298 347 25 411 136 422 379 137 280 174 235 445
30 110
438 29 34 419 77 98 279 242 176 139 477 33 91 297 296 141 466 193 290 165 70 200 300 343 430 436 122 103 23 66
30 983
312 446 100 230 23 49 361 116 224 351 92 256 441 388 404 433 354 448 222 370 17 273 169 360 203 457 333 157 331 251
30 416
142 196 174 223 218 222 435 333 297 285 276 404 78 164 307 10 369 255 84 238 123 356 258 482 410 66 167 419 396 417
30 340
37 112 166 182 387 46 366 35 183 142 438 260 157 245 121 377 351 204 466 325 412 223 159 173 289 91 36 93 83 425
30 167
248 36 237 486 433 455 20 115 448 458 226 104 54 347 332 256 402 297 80 165 371 90 338 11 414 280 47 6 215 323
30 977
462 358 150 300 290 456 319 257 403 128 334 33 180 189 288 434 337 220 450 60 309 139 70 75 419 468 432 133 345 446
30 267
347 245 289 302 416 397 57 395 230 414 428 262 455 67 195 143 138 144 202 299 135 272 225 53 239 156 37 381 353 482
30 793
199 79 167 352 346 63 408 240 145 322 19 406 128 438 452 270 427 447 472 225 81 95 301 133 185 309 21 65 161 355
30 803
211 285 462 62 130 377 470 221 21 143 240 426 270 29 391 455 323 362 32 256 308 332 493 140 261 409 152 115 352 251
30 261
276 380 42 245 100 62 239 191 339 8 71 67 250 378 241 112 409 496 271 92 236 263 232 348 172 235 462 375 97 64
30 296
372 443 433 468 394 494 206 437 184 65 7 102 314 384 343 277 144 190 48 236 425 162 319 272 185 53 85 60 1 148
30 574
372 442 384 191 336 229 248 124 413 312 482 14 478 366 208 254 361 398 153 96 174 315 414 446 499 467 382 410 319 43
30 241
244 233 10 472 481 485 236 144 467 102 121 332 309 227 44 206 379 140 380 45 53 177 396 371 410 157 42 143 17 84
30 432
112 316 179 436 148 164 23 292 130 124 412 313 433 138 356 490 369 495 221 265 400 249 12 122 159 169 163 301 37 246
30 235
149 414 297 436 61 312 458 352 441 434 116 253 218 105 460 207 325 307 280 90 58 28 101 179 186 121 194 339 158 291
30 413
158 56 456 93 117 267 402 320 59 187 287 311 404 392 123 463 216 429 242 157 486 269 258 16 307 230 61 497 387 352
30 776
44 407 112 488 375 378 242 195 437 428 481 99 184 224 73 146 440 1 387 96 338 7 205 206 165 435 266 161 173 117
30 579
69 376 280 408 250 9 149 296 445 429 277 396 112 500 320 257 291 173 495 239 10 1 295 215 166 81 481 178 254 449
30 887
174 324 125 81 74 134 82 369 430 10 497 325 121 349 229 491 169 223 178 75 376 245 92 456 77 270 61 377 115 234
30 91
240 315 126 373 248 346 154 257 343 331 229 43 327 309 33 495 31 114 24 457 489 120 49 444 196 318 5 73 284 90
30 552
375 256 250 99 3 95 253 111 289 83 339 183 409 147 216 403 29 329 278 486 169 398 34 112 445 203 468 369 338 410
30 69
213 165 94 311 20 41 415 130 329 497 469 364 257 467 79 11 496 259 289 333 427 38 218 390 482 272 358 351 109 267
30 937
321 283 289 484 302 329 398 432 9 247 252 372 3 70 14 417 412 249 338 339 318 228 172 89 437 22 198 55 69 370
30 87
357 205 491 37 103 274 397 201 377 121 203 446 216 215 186 369 463 23 59 281 102 231 221 390 104 418 296 172 140 485
30 566
344 327 268 446 100 165 498 328 137 201 125 410 339 95 154 470 195 286 71 277 6 313 233 424 108 404 63 92 136 406
30 310
403 204 369 419 201 196 55 253 173 465 21 11 59 157 164 380 203 449 451 332 455 115 64 230 222 319 144 314 454 49
30 693
209 104 452 479 157 499 34 409 171 350 429 182 260 437 197 140 492 498 442 175 56 238 33 277 408 176 90 214 76 173
30 430
180 476 252 188 474 285 96 145 134 377 178 246 165 374 385 156 371 326 182 174 381 419 206 9 179 451 392 309 475 488
30 637
416 27 423 53 122 67 38 350 96 283 15 470 167 22 340 344 204 366 76 474 71 85 4 304 35 395 112 9 411 451
30 325
327 477 232 379 450 151 268 300 246 51 314 67 69 187 407 413 242 124 340 216 194 424 219 497 310 466 460 170 376 410
30 824
54 386 63 284 336 65 52 135 310 102 300 229 22 338 487 434 80 110 126 147 303 49 217 152 211 182 111 380 410 21
30 891
463 258 273 247 93 189 150 79 350 251 230 78 272 68 64 58 499 173 183 145 328 83 361 479 293 395 441 25 304 461
30 482
118 71 211 216 15 399 365 94 248 467 175 178 91 241 500 92 266 34 236 93 116 449 261 343 11 137 498 324 223 394
30 977
35 260 183 399 353 282 218 380 459 160 473 200 159 65 465 44 152 57 11 100 479 123 294 341 259 143 16 333 462 261
30 962
496 21 299 246 225 81 463 104 39 474 77 90 484 493 54 27 144 462 38 96 292 160 241 485 271 384 500 103 345 261
30 479
192 133 370 437 357 450 252 461 341 225 389 430 209 233 336 87 376 149 124 323 441 136 64 425 406 299 276 360 495 388
30 933
186 20 301 474 377 102 225 189 442 302 429 224 362 161 59 448 388 424 211 499 411 126 275 316 276 403 175 270 290 106
30 766
310 406 280 38 359 357 78 301 10 6 376 371 18 434 170 405 344 445 467 195 355 444 469 22 219 49 488 13 146 322
30 995
426 211 121 134 288 421 143 145 296 365 162 81 386 418 425 331 385 471 37 328 439 59 47 459 174 464 32 347 226 309
30 762
346 294 196 119 288 340 266 152 1 347 389 418 123 219 154 93 256 482 383 166 380 396 124 117 421 87 500 164 160 175
30 912
453 370 479 240 61 245 243 443 132 331 417 202 484 361 309 317 326 196 491 449 165 263 387 164 382 50 324 56 411 276
30 400
389 368 338 133 462 251 427 445 81 343 499 64 203 307 381 298 485 428 288 433 92 50 172 256 431 73 339 483 58 468
30 751
425 305 208 239 407 135 183 487 477 181 403 180 340 324 62 116 108 6 17 279 113 448 204 43 138 186 100 105 409 377
30 432
469 115 168 103 297 6 79 330 408 258 21 42 86 344 456 201 303 313 218 82 425 17 137 467 322 418 110 83 294 222
30 884
260 389 153 57 247 83 238 154 193 258 48 278 453 355 331 255 167 400 188 91 268 324 409 273 498 178 382 80 472 103
30 162
231 344 486 139 90 68 228 95 112 485 494 242 289 348 72 44 14 323 456 407 216 362 404 394 483 217 49 316 299 392
30 100
290 333 220 17 280 332 354 273 73 142 121 496 37 486 170 268 294 259 174 9 472 77 254 66 411 470 466 78 210 378
30 868
42 449 426 321 132 131 446 56 273 66 403 309 72 428 196 330 453 57 153 381 162 218 143 36 220 252 245 13 138 398
30 2
311 381 421 256 437 193 173 339 353 75 411 133 123 92 31 245 318 192 314 460 175 349 32 426 445 480 290 83 377 80
30 652
258 500 46 44 172 384 248 98 146 380 220 90 317 250 334 486 442 147 297 116 348 328 394 292 308 183 226 36 262 470
30 481
113 321 190 156 492 426 404 90 71 283 161 160 451 411 345 288 204 344 85 319 191 264 64 334 99 412 459 212 233 103
30 172
54 293 480 45 218 383 486 140 18 147 300 320 409 496 108 112 339 44 282 381 159 346 67 82 444 478 40 155 210 142
30 870
115 434 311 160 3 193 497 143 62 294 234 51 289 341 162 480 236 444 360 394 141 278 327 84 107 366 90 169 8 69
30 23
293 231 442 296 423 291 438 337 433 83 70 336 371 262 349 350 292 62 94 284 191 421 367 298 286 309 466 145 229 248
30 223
459 42 85 233 332 374 69 116 456 138 451 326 251 300 28 99 443 441 193 227 131 113 445 428 250 253 245 395 333 493
30 33
291 386 268 24 69 141 92 184 448 82 135 125 286 152 283 80 444 475 158 75 439 103 354 40 207 99 434 443 469 330
30 151
88 205 248 80 149 431 27 230 417 152 413 202 155 47 134 99 373 291 173 311 245 378 203 452 328 136 343 122 457 24
30 690
44 229 48 124 377 479 150 458 247 301 222 456 269 434 406 141 224 430 304 469 307 6 272 487 493 114 108 449 489 409
30 315
217 308 468 445 138 117 402 385 270 476 185 77 244 118 482 236 193 411 391 161 69 248 284 55 93 397 163 393 386 423
30 696
454 230 204 399 368 173 152 252 294 127 288 370 222 405 203 310 97 113 52 110 181 393 88 244 142 102 136 379 24 225
30 362
105 280 434 324 452 86 75 97 64 214 466 138 118 168 447 67 132 350 28 165 1 272 252 244 265 353 232 143 228 308
30 396
332 87 112 156 391 197 82 487 113 296 305 250 265 472 48 183 456 397 62 120 334 223 493 98 427 76 93 6 383 271
30 824
322 234 344 212 431 278 198 395 425 2 144 41 326 43 224 133 291 137 104 40 470 178 385 420 460 364 109 195 486 297
30 184
219 493 79 1 270 276 395 46 130 390 86 307 432 161 439 223 298 394 114 119 71 498 174 458 253 134 4 90 282 371
30 184
274 449 309 395 224 56 440 205 445 26 363 229 38 301 451 335 194 416 306 116 414 195 289 223 448 226 389 96 197 329
30 948
358 224 119 413 15 176 209 40 38 437 430 191 239 264 236 155 69 352 420 116 492 142 63 266 219 451 173 314 500 353
30 261
209 428 179 473 443 354 181 334 244 470 263 434 208 379 21 214 299 372 133 414 216 274 328 333 492 279 5 157 130 217
30 816
137 396 310 431 101 342 116 196 311 379 129 371 109 150 436 407 373 69 321 88 194 148 420 38 278 276 46 259 485 263
30 548
473 10 257 403 462 99 18 158 261 248 138 131 356 139 67 263 12 487 435 451 32 82 371 69 212 498 115 470 482 229
30 473
454 238 174 208 199 124 226 356 237 473 346 219 329 484 137 443 495 123 377 298 155 310 20 75 21 17 41 491 499 269
30 502
304 358 433 12 57 409 237 264 497 61 461 215 241 445 352 183 291 326 411 88 332 221 107 407 124 299 83 474 68 342
30 353
425 127 140 333 387 228 449 383 289 409 97 29 205 448 64 496 126 474 83 457 194 42 215 287 165 14 369 490 81 63
30 125
357 189 258 42 75 485 342 457 125 102 405 6 307 205 69 302 330 394 236 286 440 277 1 226 293 366 446 282 298 8
30 404
154 48 9 47 122 493 388 430 118 490 335 475 148 39 43 449 368 288 184 5 79 461 357 304 105 222 102 387 19 109
30 1000
25 157 146 423 130 138 311 60 107 152 246 81 299 284 475 99 3 115 134 7 193 446 216 349 51 289 450 437 308 410
30 823
184 418 219 106 48 208 268 459 315 271 204 247 69 339 74 19 193 188 153 199 380 98 266 228 148 55 177 436 214 439
30 80
397 356 79 354 255 287 122 65 453 244 120 199 313 458 272 183 150 459 335 201 191 285 466 418 432 20 447 368 85 385
30 212
481 92 307 335 347 445 308 263 397 51 383 95 215 192 219 398 194 29 84 394 368 211 489 152 83 435 371 167 171 98
30 366
114 256 186 460 200 493 75 96 395 457 43 462 148 261 211 341 289 294 86 8 14 149 348 165 83 282 35 249 304 484
30 764
417 240 285 229 439 129 303 387 376 111 429 337 110 189 47 477 192 336 57 388 35 221 470 168 107 71 471 443 170 182
30 318
320 472 435 122 358 310 84 286 498 193 326 44 347 155 88 87 342 144 474 377 217 296 175 218 367 117 239 106 150 45
30 838
474 480 398 183 141 481 321 139 25 146 34 372 300 121 458 494 117 283 370 185 430 413 211 147 279 180 386 384 329 160
30 921
261 57 337 402 389 9 392 266 154 425 489 306 398 298 299 14 80 168 50 362 432 260 8 211 439 245 446 120 27 458
30 550
287 366 461 40 107 469 431 372 475 356 360 280 253 9 430 118 88 449 167 301 380 426 309 442 217 405 240 336 197 460
30 439
62 273 109 168 93 40 391 67 395 102 198 499 110 127 116 50 75 134 350 307 411 10 248 415 487 314 197 183 126 266
30 901
398 375 116 490 266 7 409 12 108 106 10 218 85 477 119 11 110 468 317 372 330 65 499 244 51 164 292 86 289 58
30 442
186 284 297 28 49 155 436 60 263 393 69 332 477 397 302 340 358 269 156 229 98 72 227 193 475 391 485 179 42 93
30 293
325 241 244 225 396 31 284 10 423 204 193 252 100 494 91 457 114 98 185 64 170 264 256 144 6 92 55 36 485 499
30 909
161 239 347 385 486 377 168 495 152 371 39 403 322 32 345 278 498 442 315 61 111 430 316 106 435 408 160 470 392 10
30 152
405 249 272 289 234 149 457 81 300 179 119 54 353 3 398 482 500 339 296 60 302 77 227 407 11 486 419 333 230 280
30 969
134 28 29 422 114 230 46 180 261 16 233 113 18 482 94 369 173 242 428 474 318 7 232 181 492 2 13 221 282 122
30 753
161 150 128 274 31 209 171 210 469 187 443 81 204 276 27 425 448 268 273 85 5 117 54 358 481 126 491 102 332 152
30 530
311 277 134 19 448 343 488 486 137 420 189 413 298 113 212 65 317 485 2 378 341 118 431 198 99 57 41 200 388 192
30 192
50 320 288 68 119 483 407 104 179 145 383 476 109 95 41 277 431 394 155 271 11 85 461 493 360 13 232 403 167 281
30 616
455 201 193 437 107 297 407 285 293 142 261 401 88 153 178 18 46 332 140 408 268 311 369 113 23 381 344 277 399 477
30 833
353 177 44 141 135 192 400 420 336 41 32 236 128 36 413 497 81 96 488 340 216 298 208 328 320 440 23 449 339 351
30 68
43 379 194 36 14 237 435 433 72 327 316 308 306 351 154 283 20 141 122 235 438 330 414 110 121 288 58 459 491 208
30 955
369 402 389 382 138 175 166 210 1 481 158 331 292 311 465 451 87 397 240 268 310 201 388 450 110 199 440 318 52 308
30 9
292 190 208 466 355 269 318 188 489 475 370 281 285 335 91 87 421 488 326 40 149 379 427 98 477 389 305 380 197 375
30 901
238 83 488 444 203 305 131 192 279 353 324 415 187 414 459 253 179 498 254 57 276 351 396 92 201 484 288 75 155 377
30 37
142 320 64 299 303 107 429 7 430 344 193 195 196 3 448 226 352 201 134 127 403 30 231 494 82 215 133 156 221 361
30 499
362 33 432 160 335 38 441 193 467 284 237 161 331 239 460 409 442 12 42 68 415 423 151 260 4 217 245 437 105 28
30 162
137 311 162 323 348 102 15 314 237 251 326 67 341 286 475 282 297 369 202 63 291 352 295 420 306 356 171 185 357 308
30 839
18 130 342 471 497 7 207 247 332 126 88 469 452 369 266 320 70 180 111 273 354 257 192 420 62 399 443 98 256 102
30 875
125 83 285 96 79 143 154 178 474 279 265 295 231 485 60 50 55 91 12 179 445 268 223 364 181 121 158 278 228 111
30 334
353 194 357 300 124 499 453 301 473 84 65 267 166 50 178 215 456 120 79 486 64 346 208 280 379 329 437 156 56 48
30 588
260 93 85 59 216 84 364 17 56 447 433 174 112 334 203 178 141 322 108 127 238 306 184 14 305 339 422 352 67 33
30 826
152 92 12 235 307 380 142 105 164 167 216 498 221 245 138 394 353 116 131 158 302 147 193 315 452 31 88 155 450 121
30 145
453 64 166 39 370 45 32 326 208 50 41 57 270 137 195 15 341 310 146 498 111 144 42 278 447 425 217 454 374 189
30 306
178 252 421 68 473 317 99 298 376 500 190 433 121 179 479 135 19 140 132 369 103 276 410 232 222 334 448 175 59 137
30 925
236 240 202 303 65 370 253 214 246 252 404 30 372 82 360 359 452 499 490 320 101 265 230 184 339 415 132 365 474 120
30 220
61 359 200 364 423 422 468 137 167 72 392 48 295 325 407 153 276 405 143 448 358 259 177 41 97 91 24 314 416 312
30 880
2 11 192 276 432 159 264 450 82 7 497 377 331 255 381 459 12 23 406 221 134 434 113 376 137 395 292 131 206 268
30 278
69 459 260 500 469 375 302 403 382 150 279 212 405 159 22 268 34 427 488 167 360 100 236 88 495 379 219 200 146 202
30 790
456 461 472 276 188 273 178 69 274 132 467 154 297 352 432 284 370 144 384 469 379 471 315 109 41 367 254 243 486 61
30 950
457 336 242 81 14 162 355 321 294 32 139 299 329 490 230 464 211 373 199 103 22 346 62 212 316 304 198 376 154 452
30 128
77 114 441 397 259 324 36 57 152 377 138 468 88 363 166 119 317 187 464 380 101 28 195 404 225 423 466 230 486 418
30 291
62 383 256 458 141 80 493 49 83 222 186 402 309 400 68 279 217 106 94 96 206 121 142 462 197 64 427 196 110 78
30 699
420 70 133 264 118 67 485 156 469 293 407 388 423 123 493 17 218 51 137 212 12 334 275 290 112 176 486 57 285 415
30 803
56 485 242 320 454 309 304 461 277 449 368 164 371 342 8 387 412 58 24 123 421 209 397 211 172 424 48 228 61 314
30 358
116 150 227 435 104 387 91 416 163 39 135 178 409 477 186 148 388 243 23 10 164 231 258 226 402 182 273 129 242 86
30 699
209 236 45 144 191 431 234 458 446 124 93 123 384 421 308 31 51 405 169 66 135 278 291 388 459 415 369 52 352 186
30 115
439 82 256 481 365 341 310 464 383 432 347 303 92 230 462 142 134 482 59 121 259 349 360 70 115 228 466 266 233 405
30 523
488 385 211 328 175 372 143 57 304 342 395 423 24 388 56 5 446 28 264 146 185 260 467 305 225 84 390 481 431 377
30 392
493 57 392 365 199 301 20 40 363 266 462 387 153 370 243 450 249 358 447 136 42 58 455 134 38 88 115 320 464 332
30 362
372 75 29 71 375 48 462 238 313 276 476 317 497 218 118 245 76 64 233 117 121 187 315 106 254 220 396 70 403 208
30 386
478 236 363 204 135 325 441 447 452 416 115 448 486 232 44 61 147 276 29 119 314 196 224 390 449 296 137 18 198 459
30 623
283 321 231 417 497 23 215 300 439 329 99 276 412 143 336 58 270 364 28 436 59 103 177 8 398 313 377 448 335 326
30 365
8 56 206 4 79 272 304 369 100 254 144 11 396 331 420 18 46 299 453 105 401 129 464 293 340 98 300 27 423 441
30 423
331 498 389 409 269 44 129 368 298 124 230 45 454 1 62 499 299 366 455 51 346 270 201 138 462 289 488 73 81 373
30 844
78 261 311 346 157 291 65 306 266 146 350 219 498 264 69 296 129 376 199 475 497 399 464 458 197 253 445 269 185 169
30 1
263 282 333 460 438 475 377 243 240 22 444 310 20 207 230 167 336 105 365 162 102 264 477 411 312 81 208 432 266 376
30 92
28 157 286 339 446 260 215 40 351 237 484 160 108 190 241 126 377 198 343 390 151 458 367 61 269 299 268 200 64 144
30 10
443 152 290 282 98 401 496 137 251 232 472 262 191 14 2 317 390 199 159 132 349 468 350 410 236 148 29 287 64 172
30 800
6 176 80 287 273 480 283 261 82 366 233 343 409 246 196 77 487 395 87 470 95 54 319 356 289 385 427 382 408 217
30 713
83 148 26 207 479 160 468 60 377 52 254 285 149 449 361 135 195 447 457 142 500 275 497 140 445 233 418 326 141 134
30 611
75 133 90 282 111 249 101 170 125 4 423 262 152 224 122 138 270 421 94 411 272 221 408 412 165 492 181 491 132 315
30 175
59 299 496 192 410 96 292 79 72 147 354 333 298 429 307 287 198 227 381 109 498 453 368 261 117 211 442 459 343 108
30 833
253 406 360 444 315 307 235 246 379 233 451 63 30 369 168 428 95 48 388 445 352 107 205 469 318 498 427 12 105 292
30 30
11 3 207 177 310 293 422 40 25 224 102 406 471 73 30 417 473 269 361 324 376 418 292 193 415 71 204 372 214 467
30 904
68 25 410 377 317 184 268 193 407 222 98 361 44 170 242 460 142 10 173 318 385 442 109 429 208 31 132 79 244 450
30 456
312 474 74 40 142 109 160 334 367 381 431 227 424 453 320 235 446 182 259 263 418 52 224 347 260 254 330 338 350 280
30 478
13 105 427 404 247 35 63 432 401 295 215 480 70 167 151 157 112 332 415 227 250 319 450 96 78 55 277 267 256 408
30 964
120 13 46 24 111 432 438 394 185 233 108 16 302 274 166 310 238 498 77 464 247 395 265 194 324 171 322 90 427 230
30 111
398 94 107 421 204 391 359 97 75 443 57 90 96 330 255 406 419 104 482 382 202 228 498 395 51 21 217 492 299 298
30 855
196 391 160 117 446 402 327 394 476 269 450 65 364 280 171 121 50 275 454 284 181 281 223 231 301 291 99 88 295 478
30 165
263 423 187 89 168 14 209 118 430 424 249 101 45 298 227 350 81 54 31 214 128 113 366 418 335 465 357 462 111 186
30 751
225 460 138 165 128 151 373 245 433 296 493 385 192 290 111 42 223 16 424 436 144 36 301 413 117 270 184 79 455 134
30 460
267 271 467 394 274 191 138 206 339 482 90 382 123 52 275 345 419 198 132 62 234 433 327 308 401 96 343 332 402 476
30 722
168 99 453 61 224 495 50 429 333 31 370 67 154 273 341 350 191 39 482 105 124 414 431 166 378 125 497 279 100 483
30 635
50 287 359 273 281 261 53 466 291 422 32 296 46 372 146 89 262 127 193 385 392 475 167 409 352 143 406 482 243 388
30 271
144 174 491 417 306 251 469 271 393 243 302 41 140 26 186 228 287 164 272 172 55 246 190 463 97 333 220 431 427 459
30 524
70 484 200 338 290 302 159 412 47 253 214 87 392 239 272 472 377 287 243 400 341 90 155 289 274 227 219 52 185 429
30 417
169 480 311 310 282 321 221 328 73 286 266 316 376 37 287 253 323 382 152 15 222 93 21 10 366 247 81 269 432 9
30 625
452 340 52 261 121 224 333 300 296 119 65 463 494 453 102 98 127 483 250 493 56 194 14 417 412 112 497 180 395 357
30 865
346 197 324 458 169 47 291 469 342 261 385 157 254 190 258 204 168 240 305 161 147 498 26 63 409 137 60 89 32 416
30 621
229 112 185 187 281 231 329 101 425 89 337 81 194 26 338 397 429 201 206 75 199 489 459 219 48 47 250 316 408 479
30 917
92 17 411 174 345 363 98 433 200 30 126 77 219 375 122 147 75 327 73 125 409 62 84 128 461 130 377 389 207 259
30 928
75 169 6 419 32 455 203 83 485 181 159 55 281 54 129 459 126 254 368 39 189 495 352 170 371 331 59 430 89 242
30 585
110 247 275 493 54 477 75 390 157 85 444 211 365 497 192 324 475 297 191 485 185 68 154 407 399 64 188 339 306 300
