Grupos com alocacao
1 137
3 51
5 101
6 114
7 30
10 126
12 174
13 62
14 19
16 115
17 199
18 136
20 170
21 7
22 57
23 177
27 179
28 167
34 18
38 141
41 51
43 108
48 176
49 102
51 174
52 46
55 124
56 126
57 132
58 27
59 12
60 24
62 23
63 65
64 30
66 18
67 142
69 149
70 27
72 18
74 165
75 200
77 16
78 86
79 81
80 119
81 148
84 23
85 92
87 186
88 84
89 146
91 146
93 63
94 51
98 6
99 136
101 75
102 179
104 59
106 58
108 109
109 173
111 190
113 95
114 45
116 26
117 171
118 120
120 58
122 143
123 129
124 95
127 13
133 30
134 23
136 189
137 77
139 98
141 162
145 129
148 58
149 21
152 84
153 102
155 95
156 170
159 115
161 71
162 46
163 10
164 58
165 16
167 158
171 179
173 141
178 52
179 30
182 13
184 40
186 165
187 106
189 52
190 5
193 148
194 179
195 176
196 148
197 120
198 148
199 139
201 38
202 33
205 18
206 141
209 62
210 18
211 200
212 157
214 62
216 200
218 148
221 106
222 23
223 53
225 37
226 130
227 179
228 190
229 1
230 157
231 40
234 78
236 51
237 52
239 38
241 162
243 45
246 58
248 108
250 135
252 181
258 150
259 51
260 176
261 21
262 51
264 94
265 70
266 27
267 24
269 127
270 158
273 19
275 18
276 18
277 17
278 200
280 114
281 34
282 129
283 94
284 8
285 181
286 140
289 114
290 157
294 183
297 187
298 140
299 181
300 23
301 31
302 139
304 193
305 187
310 60
312 92
313 109
314 176
317 146
318 140
319 146
321 185
322 86
323 8
324 139
325 51
327 71
328 18
329 98
331 92
332 192
333 16
337 106
338 165
341 150
342 127
344 6
345 82
346 78
347 71
349 143
351 181
352 108
355 21
356 133
357 94
359 177
362 146
363 92
365 47
366 102
367 13
368 86
370 94
371 22
372 181
373 129
375 52
376 16
377 158
378 181
380 126
384 196
385 84
386 148
387 26
389 190
390 141
395 75
396 153
397 108
398 40
401 10
403 159
404 97
412 91
417 176
418 45
419 40
420 108
421 108
424 135
425 157
428 197
429 176
432 95
433 49
435 38
436 176
439 140
440 91
441 89
443 18
444 91
445 71
447 129
453 133
454 40
456 143
457 53
458 62
459 20
460 47
461 197
462 165
463 8
466 50
467 139
468 111
471 46
473 114
474 1
476 96
477 141
478 109
479 186
480 140
485 33
490 52
494 114
498 13
499 34
500 151
503 86
504 10
506 75
510 126
513 149
515 197
518 123
523 46
525 161
526 98
527 143
528 77
530 114
531 1
533 22
534 30
535 148
538 100
541 104
542 106
543 24
544 55
546 158
547 101
548 129
549 40
550 156
554 63
555 132
556 81
558 176
559 157
560 102
563 115
566 199
567 13
569 197
570 189
572 10
577 167
579 181
580 162
581 137
582 55
583 97
584 194
585 75
588 108
589 78
590 157
592 81
593 17
594 166
595 159
596 46
599 44
601 47
603 96
604 181
606 190
607 174
611 179
612 71
613 94
614 135
615 83
617 32
619 136
620 16
622 15
628 8
629 139
630 189
631 165
633 16
634 40
639 94
640 134
644 50
646 83
648 157
649 170
650 105
652 165
653 110
654 51
658 6
660 106
662 3
663 101
664 115
667 91
669 115
672 167
675 200
678 179
679 34
680 30
681 32
685 84
687 158
689 169
690 91
692 158
694 196
696 86
697 141
698 8
700 137
702 44
703 52
704 15
708 34
709 92
710 98
711 44
712 32
713 23
717 166
718 137
723 77
724 55
726 46
727 52
728 92
730 70
731 196
734 47
735 121
740 52
744 135
746 10
747 24
748 13
749 66
750 26
752 200
753 55
754 81
755 176
757 71
758 88
759 153
763 77
767 137
768 71
770 104
771 102
774 10
776 127
781 112
782 103
783 186
784 165
785 23
786 148
789 79
790 34
791 42
794 23
795 108
796 148
798 91
799 157
801 142
802 199
805 40
806 133
807 106
809 169
812 91
813 84
818 100
819 115
820 141
826 40
829 33
830 148
831 130
832 115
834 200
838 89
839 62
842 162
844 125
845 52
851 181
853 148
854 129
855 13
857 136
861 114
862 179
863 71
866 34
867 92
868 120
869 175
870 94
871 1
872 200
874 114
876 117
877 187
880 160
887 16
889 120
890 132
892 77
893 120
894 108
896 2
897 102
898 23
899 16
900 57
903 27
904 54
906 30
907 23
910 13
911 159
912 118
913 176
917 63
918 8
919 179
920 6
921 199
923 115
924 40
927 13
928 106
929 23
930 141
931 24
934 148
935 77
936 139
937 24
938 44
939 141
942 153
943 50
944 51
946 158
947 24
948 198
949 179
951 191
952 26
953 140
959 200
961 137
963 44
966 27
967 12
969 130
970 37
971 38
972 132
973 5
976 137
982 89
984 45
985 70
986 75
990 96
993 33
994 118
995 78
996 143
998 14
999 5
1000 13
1002 165
1006 16
1008 79
1011 39
1012 47
1013 119
1014 159
1016 25
1019 109
1021 106
1022 176
1023 117
1024 108
1026 200
1028 55
1029 106
1032 175
1033 140
1035 51
1036 130
1040 114
1041 134
1042 145
1043 92
1047 69
1048 55
1049 40
1050 75
1051 137
1053 117
1054 91
1056 126
1057 186
1063 123
1066 17
1068 30
1069 1
1072 17
1075 108
1079 199
1081 86
1083 158
1084 137
1085 33
1086 46
1088 98
1090 106
1093 146
1097 91
1098 115
1100 59
1101 126
1104 167
1106 55
1107 109
1115 65
1116 142
1118 82
1120 71
1123 197
1124 112
1125 197
1126 51
1128 45
1129 38
1130 91
1132 158
1133 30
1135 162
1137 39
1138 186
1139 190
1141 61
1143 109
1144 94
1145 111
1149 92
1151 70
1154 179
1155 175
1156 7
1160 23
1162 137
1165 52
1170 161
1171 89
1172 16
1174 108
1175 133
1177 109
1178 91
1179 117
1181 141
1182 152
1183 165
1184 47
1185 108
1186 179
1187 53
1189 159
1190 150
1191 148
1192 51
1194 100
1196 58
1197 52
1198 17
1199 23
1200 46
1201 46
1203 183
1204 192
1205 98
1206 200
1208 114
1210 51
1213 7
1214 18
1218 90
1219 189
1222 74
1223 46
1224 58
1226 40
1228 63
1231 46
1232 84
1233 154
1235 108
1238 8
1239 112
1240 133
1241 1
1244 117
1247 7
1248 104
1249 162
1250 137
1256 38
1258 129
1261 92
1262 33
1264 129
1265 78
1268 55
1269 91
1271 47
1273 165
1275 87
1276 114
1277 108
1278 165
1279 114
1281 111
1283 1
1284 190
1285 126
1288 43
1292 46
1295 104
1298 95
1299 92
1300 23
1303 16
1306 53
1308 42
1309 102
1310 183
1311 18
1312 126
1313 89
1314 148
1315 44
1316 11
1317 13
1320 63
1321 21
1322 143
1324 5
1328 51
1329 148
1330 165
1331 1
1335 71
1336 177
1339 190
1340 178
1345 186
1346 40
1347 102
1352 30
1353 132
1354 20
1355 17
1357 139
1359 140
1360 123
1362 34
1366 111
1369 27
1375 61
1376 59
1377 34
1378 34
1379 126
1381 98
1383 135
1387 135
1388 175
1391 159
1392 190
1393 47
1397 162
1398 15
1399 161
1400 110
1401 10
1402 161
1403 130
1407 179
1409 200
1410 152
1411 58
1412 51
1413 161
1416 111
1419 52
1420 78
1421 46
1422 137
1425 130
1427 34
1430 165
1431 74
1432 112
1433 17
1435 146
1436 52
1437 11
1441 7
1445 191
1446 176
1447 13
1448 142
1449 123
1453 27
1456 33
1457 176
1458 62
1461 160
1463 13
1465 65
1469 38
1471 183
1472 50
1473 38
1476 16
1479 25
1480 62
1482 186
1484 127
1485 30
1486 16
1492 108
1493 136
1495 146
1496 108
1497 25
1500 102
1504 190
1505 200
1508 18
1509 33
1512 158
1516 137
1517 27
1518 40
1519 136
1521 145
1526 94
1527 26
1528 1
1531 106
1533 46
1534 179
1537 143
1539 18
1540 47
1541 84
1544 159
1545 27
1547 98
1550 16
1552 165
1553 106
1554 21
1556 51
1558 13
1559 30
1560 34
1561 31
1565 158
1567 106
1568 21
1569 181
1570 106
1571 158
1573 140
1574 44
1577 16
1580 75
1581 183
1585 15
1586 148
1589 58
1592 153
1593 106
1594 13
1596 16
1597 95
1598 23
1600 74
1601 23
1603 181
1604 71
1605 198
1610 52
1611 66
1612 57
1613 71
1614 111
1616 18
1617 176
1619 146
1621 109
1623 13
1625 135
1629 96
1630 51
1632 24
1633 101
1639 179
1647 161
1648 40
1649 190
1652 94
1653 71
1659 132
1660 178
1664 40
1665 34
1666 39
1667 39
1668 137
1670 199
1671 144
1672 16
1673 137
1674 108
1675 60
1677 94
1679 106
1680 137
1682 200
1684 17
1686 40
1690 18
1692 78
1694 1
1695 92
1697 19
1700 158
1702 189
1705 165
1708 94
1709 181
1710 106
1714 84
1716 200
1717 98
1723 187
1724 144
1725 129
1726 189
1731 27
1732 41
1733 24
1734 63
1735 5
1736 104
1737 26
1738 179
1739 21
1740 192
1741 161
1742 109
1743 158
1744 189
1745 107
1746 58
1748 38
1749 113
1750 46
1751 197
1753 165
1755 51
1756 98
1757 16
1758 37
1759 32
1761 18
1764 123
1765 23
1766 52
1771 181
1772 144
1774 22
1776 51
1777 102
1779 16
1782 38
1783 157
1784 53
1785 136
1786 181
1788 105
1791 170
1793 115
1794 181
1796 109
1797 191
1798 135
1799 165
1800 95
1803 200
1805 165
1806 123
1809 106
1810 13
1812 174
1813 38
1814 63
1815 12
1816 81
1817 162
1818 8
1819 123
1822 137
1823 44
1825 91
1826 26
1827 70
1828 8
1829 165
1831 167
1833 32
1837 59
1843 179
1844 40
1845 24
1846 183
1847 109
1849 141
1851 169
1852 148
1853 141
1854 63
1855 165
1857 42
1859 191
1861 36
1862 44
1864 7
1865 175
1867 194
1872 191
1874 102
1875 181
1878 191
1879 71
1880 93
1882 46
1885 148
1886 160
1887 92
1888 46
1890 78
1891 151
1892 98
1896 146
1897 51
1898 120
1899 165
1902 71
1903 84
1904 39
1906 24
1907 135
1909 18
1910 51
1913 47
1914 34
1916 52
1920 102
1923 71
1924 13
1925 21
1928 140
1929 104
1932 144
1933 98
1934 17
1937 106
1940 52
1941 142
1942 21
1943 139
1944 136
1945 92
1950 27
1951 56
1953 52
1958 13
1959 159
1961 26
1962 141
1964 66
1965 52
1966 47
1967 1
1968 171
1971 89
1973 38
1974 151
1977 87
1978 126
1979 18
1980 89
1981 97
1982 181
1983 82
1984 57
1987 145
1988 123
1989 101
1990 13
1992 158
1994 114
1995 40
1997 96
1998 3
1999 102
2000 115
2001 98
2002 189
2003 25
2006 24
2013 94
2014 58
2015 91
2018 101
2020 103
2021 8
2022 77
2024 197
2026 91
2027 200
2029 60
2030 132
2031 153
2033 95
2037 5
2038 52
2039 46
2040 23
2043 34
2044 18
2045 200
2046 143
2047 52
2049 34
2051 68
2054 199
2056 111
2057 158
2061 105
2062 28
2063 197
2064 148
2065 95
2067 71
2068 33
2069 46
2072 82
2076 127
2077 13
2080 86
2081 51
2082 148
2083 76
2085 141
2086 106
2088 191
2089 44
2090 195
2092 194
2093 142
2096 75
2097 13
2099 189
2100 158
2105 50
2107 159
2108 79
2109 58
2110 52
2111 154
2112 146
2113 135
2114 120
2116 176
2118 75
2120 141
2121 176
2122 8
2124 11
2125 118
2127 23
2129 117
2130 91
2131 53
2132 105
2133 82
2134 58
2135 141
2136 47
2138 82
2140 18
2141 46
2142 89
2143 24
2144 125
2145 16
2146 26
2147 13
2148 30
2149 8
2150 18
2154 92
2155 190
2160 106
2161 17
2162 27
2163 191
2164 55
2167 136
2169 151
2170 141
2175 63
2176 77
2177 159
2179 153
2180 145
2182 108
2183 34
2186 34
2191 34
2192 187
2194 158
2197 117
2198 58
2200 55
2203 34
2206 21
2209 108
2212 71
2213 52
2214 148
2217 25
2219 52
2220 23
2221 52
2222 1
2224 106
2225 77
2226 5
2227 26
2228 78
2233 71
2235 130
2236 146
2238 33
2239 197
2240 110
2243 197
2245 47
2246 47
2247 135
2248 127
2249 183
2250 18
2254 75
2255 92
2256 129
2257 141
2258 136
2260 194
2261 149
2262 72
2263 174
2265 183
2267 70
2270 159
2271 142
2273 30
2274 108
2275 63
2276 21
2279 70
2280 189
2282 191
2283 129
2286 13
2287 111
2289 154
2291 157
2292 27
2293 25
2294 24
2296 95
2297 103
2299 148
2300 165
2301 24
2305 55
2306 148
2307 34
2309 120
2310 23
2313 106
2314 149
2315 12
2316 25
2317 52
2320 96
2321 30
2322 1
2324 136
2328 95
2329 61
2330 16
2331 165
2332 94
2333 1
2336 90
2337 114
2338 141
2341 82
2342 55
2343 189
2351 106
2355 38
2356 98
2358 123
2359 50
2360 95
2361 77
2362 152
2364 179
2366 132
2367 38
2372 63
2376 71
2380 121
2381 53
2382 109
2383 200
2384 89
2386 179
2387 76
2388 120
2389 125
2390 86
2392 102
2394 27
2395 135
2397 179
2400 52
2402 120
2403 94
2405 2
2406 146
2407 90
2408 158
2409 176
2410 75
2412 78
2414 21
2415 92
2417 92
2420 142
2423 179
2424 25
2425 98
2426 197
2427 34
2429 91
2430 85
2431 20
2434 140
2436 62
2437 30
2443 30
2445 83
2446 71
2449 161
2450 71
2451 13
2452 58
2453 46
2456 40
2460 47
2463 115
2464 3
2465 59
2468 63
2472 127
2473 200
2475 167
2477 94
2478 46
2479 176
2480 86
2481 157
2483 68
2484 114
2486 185
2487 77
2488 95
2490 167
2491 16
2493 33
2494 136
2495 70
2496 162
2497 58
2498 176
2499 181
2500 47
2501 174
2502 47
2505 95
2506 31
2507 24
2509 13
2510 177
2511 39
2512 102
2515 181
2517 30
2518 71
2520 108
2521 135
2522 136
2523 120
2524 109
2525 197
2526 161
2527 165
2528 129
2529 1
2530 148
2533 200
2535 91
2536 177
2537 74
2539 107
2540 145
2541 152
2542 158
2543 84
2545 82
2546 86
2547 44
2548 96
2549 191
2550 126
2551 70
2552 34
2554 92
2555 176
2557 24
2558 116
2559 139
2560 120
2562 197
2563 106
2564 91
2565 98
2568 38
2569 200
2570 51
2573 4
2574 102
2578 12
2580 89
2583 12
2584 47
2585 200
2588 176
2590 16
2593 82
2597 176
2598 146
2599 123
2600 5
2601 167
2602 176
2603 46
2605 96
2607 106
2609 108
2611 27
2612 167
2614 108
2621 197
2626 112
2629 25
2630 46
2631 25
2632 120
2634 110
2637 27
2640 135
2641 146
2645 145
2652 23
2653 89
2656 21
2658 134
2661 176
2663 20
2664 176
2666 5
2668 37
2670 18
2671 115
2672 185
2675 104
2676 47
2678 157
2679 47
2680 39
2682 127
2683 47
2684 77
2686 108
2687 200
2690 18
2692 30
2695 142
2698 57
2699 84
2702 5
2704 39
2707 91
2709 130
2712 104
2713 5
2714 137
2715 146
2716 38
2718 140
2720 189
2721 18
2722 137
2724 77
2726 60
2728 114
2729 106
2731 75
2732 94
2733 91
2735 165
2737 78
2741 92
2751 200
2754 159
2755 46
2757 164
2758 114
2759 44
2760 135
2763 95
2765 129
2766 154
2768 16
2774 94
2775 191
2776 112
2779 25
2780 51
2782 117
2783 189
2784 165
2785 175
2786 16
2787 155
2788 107
2790 199
2791 158
2792 195
2795 16
2798 24
2799 137
2800 89
2801 108
2802 1
2803 66
2804 44
2806 17
2807 66
2808 126
2813 95
2814 130
2815 92
2816 181
2817 52
2818 8
2820 16
2821 57
2823 152
2824 66
2828 53
2829 23
2830 114
2835 200
2836 17
2837 44
2839 200
2842 108
2846 71
2847 90
2848 120
2849 30
2853 99
2856 16
2857 57
2860 44
2862 166
2864 78
2865 94
2866 102
2867 89
2869 53
2870 47
2873 146
2874 102
2875 135
2877 175
2878 146
2879 23
2880 154
2884 33
2885 2
2887 109
2888 46
2889 76
2890 75
2892 23
2893 94
2894 34
2895 91
2898 191
2900 33
2901 135
2902 94
2903 197
2908 127
2910 30
2912 18
2913 1
2914 51
2915 112
2917 185
2918 17
2922 17
2924 17
2926 8
2927 46
2928 53
2929 71
2930 30
2931 148
2932 27
2933 114
2935 123
2942 55
2944 18
2949 71
2955 55
2956 114
2957 57
2958 142
2959 106
2960 82
2961 71
2962 75
2963 18
2964 158
2965 158
2967 135
2971 30
2972 167
2977 42
2983 58
2984 174
2985 139
2986 91
2987 109
2988 8
2993 183
2995 175
2997 153
2998 6
2999 179
Candidatos nao alocados
2
4
8
9
11
15
19
24
25
26
29
30
31
32
33
35
36
37
39
40
42
44
45
46
47
50
53
54
61
65
68
71
73
76
82
83
86
90
92
95
96
97
100
103
105
107
110
112
115
119
121
125
126
128
129
130
131
132
135
138
140
142
143
144
146
147
150
151
154
157
158
160
166
168
169
170
172
174
175
176
177
180
181
183
185
188
191
192
200
203
204
207
208
213
215
217
219
220
224
232
233
235
238
240
242
244
245
247
249
251
253
254
255
256
257
263
268
271
272
274
279
287
288
291
292
293
295
296
303
306
307
308
309
311
315
316
320
326
330
334
335
336
339
340
343
348
350
353
354
358
360
361
364
369
374
379
381
382
383
388
391
392
393
394
399
400
402
405
406
407
408
409
410
411
413
414
415
416
422
423
426
427
430
431
434
437
438
442
446
448
449
450
451
452
455
464
465
469
470
472
475
481
482
483
484
486
487
488
489
491
492
493
495
496
497
501
502
505
507
508
509
511
512
514
516
517
519
520
521
522
524
529
532
536
537
539
540
545
551
552
553
557
561
562
564
565
568
571
573
574
575
576
578
586
587
591
597
598
600
602
605
608
609
610
616
618
621
623
624
625
626
627
632
635
636
637
638
641
642
643
645
647
651
655
656
657
659
661
665
666
668
670
671
673
674
676
677
682
683
684
686
688
691
693
695
699
701
705
706
707
714
715
716
719
720
721
722
725
729
732
733
736
737
738
739
741
742
743
745
751
756
760
761
762
764
765
766
769
772
773
775
777
778
779
780
787
788
792
793
797
800
803
804
808
810
811
814
815
816
817
821
822
823
824
825
827
828
833
835
836
837
840
841
843
846
847
848
849
850
852
856
858
859
860
864
865
873
875
878
879
881
882
883
884
885
886
888
891
895
901
902
905
908
909
914
915
916
922
925
926
932
933
940
941
945
950
954
955
956
957
958
960
962
964
965
968
974
975
977
978
979
980
981
983
987
988
989
991
992
997
1001
1003
1004
1005
1007
1009
1010
1015
1017
1018
1020
1025
1027
1030
1031
1034
1037
1038
1039
1044
1045
1046
1052
1055
1058
1059
1060
1061
1062
1064
1065
1067
1070
1071
1073
1074
1076
1077
1078
1080
1082
1087
1089
1091
1092
1094
1095
1096
1099
1102
1103
1105
1108
1109
1110
1111
1112
1113
1114
1117
1119
1121
1122
1127
1131
1134
1136
1140
1142
1146
1147
1148
1150
1152
1153
1157
1158
1159
1161
1163
1164
1166
1167
1168
1169
1173
1176
1180
1188
1193
1195
1202
1207
1209
1211
1212
1215
1216
1217
1220
1221
1225
1227
1229
1230
1234
1236
1237
1242
1243
1245
1246
1251
1252
1253
1254
1255
1257
1259
1260
1263
1266
1267
1270
1272
1274
1280
1282
1286
1287
1289
1290
1291
1293
1294
1296
1297
1301
1302
1304
1305
1307
1318
1319
1323
1325
1326
1327
1332
1333
1334
1337
1338
1341
1342
1343
1344
1348
1349
1350
1351
1356
1358
1361
1363
1364
1365
1367
1368
1370
1371
1372
1373
1374
1380
1382
1384
1385
1386
1389
1390
1394
1395
1396
1404
1405
1406
1408
1414
1415
1417
1418
1423
1424
1426
1428
1429
1434
1438
1439
1440
1442
1443
1444
1450
1451
1452
1454
1455
1459
1460
1462
1464
1466
1467
1468
1470
1474
1475
1477
1478
1481
1483
1487
1488
1489
1490
1491
1494
1498
1499
1501
1502
1503
1506
1507
1510
1511
1513
1514
1515
1520
1522
1523
1524
1525
1529
1530
1532
1535
1536
1538
1542
1543
1546
1548
1549
1551
1555
1557
1562
1563
1564
1566
1572
1575
1576
1578
1579
1582
1583
1584
1587
1588
1590
1591
1595
1599
1602
1606
1607
1608
1609
1615
1618
1620
1622
1624
1626
1627
1628
1631
1634
1635
1636
1637
1638
1640
1641
1642
1643
1644
1645
1646
1650
1651
1654
1655
1656
1657
1658
1661
1662
1663
1669
1676
1678
1681
1683
1685
1687
1688
1689
1691
1693
1696
1698
1699
1701
1703
1704
1706
1707
1711
1712
1713
1715
1718
1719
1720
1721
1722
1727
1728
1729
1730
1747
1752
1754
1760
1762
1763
1767
1768
1769
1770
1773
1775
1778
1780
1781
1787
1789
1790
1792
1795
1801
1802
1804
1807
1808
1811
1820
1821
1824
1830
1832
1834
1835
1836
1838
1839
1840
1841
1842
1848
1850
1856
1858
1860
1863
1866
1868
1869
1870
1871
1873
1876
1877
1881
1883
1884
1889
1893
1894
1895
1900
1901
1905
1908
1911
1912
1915
1917
1918
1919
1921
1922
1926
1927
1930
1931
1935
1936
1938
1939
1946
1947
1948
1949
1952
1954
1955
1956
1957
1960
1963
1969
1970
1972
1975
1976
1985
1986
1991
1993
1996
2004
2005
2007
2008
2009
2010
2011
2012
2016
2017
2019
2023
2025
2028
2032
2034
2035
2036
2041
2042
2048
2050
2052
2053
2055
2058
2059
2060
2066
2070
2071
2073
2074
2075
2078
2079
2084
2087
2091
2094
2095
2098
2101
2102
2103
2104
2106
2115
2117
2119
2123
2126
2128
2137
2139
2151
2152
2153
2156
2157
2158
2159
2165
2166
2168
2171
2172
2173
2174
2178
2181
2184
2185
2187
2188
2189
2190
2193
2195
2196
2199
2201
2202
2204
2205
2207
2208
2210
2211
2215
2216
2218
2223
2229
2230
2231
2232
2234
2237
2241
2242
2244
2251
2252
2253
2259
2264
2266
2268
2269
2272
2277
2278
2281
2284
2285
2288
2290
2295
2298
2302
2303
2304
2308
2311
2312
2318
2319
2323
2325
2326
2327
2334
2335
2339
2340
2344
2345
2346
2347
2348
2349
2350
2352
2353
2354
2357
2363
2365
2368
2369
2370
2371
2373
2374
2375
2377
2378
2379
2385
2391
2393
2396
2398
2399
2401
2404
2411
2413
2416
2418
2419
2421
2422
2428
2432
2433
2435
2438
2439
2440
2441
2442
2444
2447
2448
2454
2455
2457
2458
2459
2461
2462
2466
2467
2469
2470
2471
2474
2476
2482
2485
2489
2492
2503
2504
2508
2513
2514
2516
2519
2531
2532
2534
2538
2544
2553
2556
2561
2566
2567
2571
2572
2575
2576
2577
2579
2581
2582
2586
2587
2589
2591
2592
2594
2595
2596
2604
2606
2608
2610
2613
2615
2616
2617
2618
2619
2620
2622
2623
2624
2625
2627
2628
2633
2635
2636
2638
2639
2642
2643
2644
2646
2647
2648
2649
2650
2651
2654
2655
2657
2659
2660
2662
2665
2667
2669
2673
2674
2677
2681
2685
2688
2689
2691
2693
2694
2696
2697
2700
2701
2703
2705
2706
2708
2710
2711
2717
2719
2723
2725
2727
2730
2734
2736
2738
2739
2740
2742
2743
2744
2745
2746
2747
2748
2749
2750
2752
2753
2756
2761
2762
2764
2767
2769
2770
2771
2772
2773
2777
2778
2781
2789
2793
2794
2796
2797
2805
2809
2810
2811
2812
2819
2822
2825
2826
2827
2831
2832
2833
2834
2838
2840
2841
2843
2844
2845
2850
2851
2852
2854
2855
2858
2859
2861
2863
2868
2871
2872
2876
2881
2882
2883
2886
2891
2896
2897
2899
2904
2905
2906
2907
2909
2911
2916
2919
2920
2921
2923
2925
2934
2936
2937
2938
2939
2940
2941
2943
2945
2946
2947
2948
2950
2951
2952
2953
2954
2966
2968
2969
2970
2973
2974
2975
2976
2978
2979
2980
2981
2982
2989
2990
2991
2992
2994
2996
3000
