Grupos com alocacao
12 58
15 10
50 174
53 79
61 178
62 175
64 6
116 78
118 40
119 31
126 180
137 247
141 133
145 139
151 181
155 188
175 187
176 25
178 93
185 203
189 52
201 51
205 49
206 71
219 92
225 248
237 56
239 75
260 172
268 108
281 88
295 90
299 232
308 211
309 46
311 222
318 125
320 48
326 179
332 121
349 184
352 162
368 220
374 204
401 200
405 225
406 154
407 198
408 109
413 164
416 101
417 182
423 68
429 74
435 63
436 26
447 228
449 224
481 94
487 102
488 4
502 57
513 250
516 103
536 112
540 53
543 91
546 96
562 189
567 135
569 7
578 110
586 89
592 237
594 234
596 29
621 55
625 27
633 167
651 17
653 244
654 241
671 176
690 226
693 193
698 214
700 67
703 227
716 127
Candidatos nao alocados
1
2
3
4
5
6
7
8
9
10
11
13
14
16
17
18
19
20
21
22
23
24
25
26
27
28
29
30
31
32
33
34
35
36
37
38
39
40
41
42
43
44
45
46
47
48
49
51
52
54
55
56
57
58
59
60
63
65
66
67
68
69
70
71
72
73
74
75
76
77
78
79
80
81
82
83
84
85
86
87
88
89
90
91
92
93
94
95
96
97
98
99
100
101
102
103
104
105
106
107
108
109
110
111
112
113
114
115
117
120
121
122
123
124
125
127
128
129
130
131
132
133
134
135
136
138
139
140
142
143
144
146
147
148
149
150
152
153
154
156
157
158
159
160
161
162
163
164
165
166
167
168
169
170
171
172
173
174
177
179
180
181
182
183
184
186
187
188
190
191
192
193
194
195
196
197
198
199
200
202
203
204
207
208
209
210
211
212
213
214
215
216
217
218
220
221
222
223
224
226
227
228
229
230
231
232
233
234
235
236
238
240
241
242
243
244
245
246
247
248
249
250
251
252
253
254
255
256
257
258
259
261
262
263
264
265
266
267
269
270
271
272
273
274
275
276
277
278
279
280
282
283
284
285
286
287
288
289
290
291
292
293
294
296
297
298
300
301
302
303
304
305
306
307
310
312
313
314
315
316
317
319
321
322
323
324
325
327
328
329
330
331
333
334
335
336
337
338
339
340
341
342
343
344
345
346
347
348
350
351
353
354
355
356
357
358
359
360
361
362
363
364
365
366
367
369
370
371
372
373
375
376
377
378
379
380
381
382
383
384
385
386
387
388
389
390
391
392
393
394
395
396
397
398
399
400
402
403
404
409
410
411
412
414
415
418
419
420
421
422
424
425
426
427
428
430
431
432
433
434
437
438
439
440
441
442
443
444
445
446
448
450
451
452
453
454
455
456
457
458
459
460
461
462
463
464
465
466
467
468
469
470
471
472
473
474
475
476
477
478
479
480
482
483
484
485
486
489
490
491
492
493
494
495
496
497
498
499
500
501
503
504
505
506
507
508
509
510
511
512
514
515
517
518
519
520
521
522
523
524
525
526
527
528
529
530
531
532
533
534
535
537
538
539
541
542
544
545
547
548
549
550
551
552
553
554
555
556
557
558
559
560
561
563
564
565
566
568
570
571
572
573
574
575
576
577
579
580
581
582
583
584
585
587
588
589
590
591
593
595
597
598
599
600
601
602
603
604
605
606
607
608
609
610
611
612
613
614
615
616
617
618
619
620
622
623
624
626
627
628
629
630
631
632
634
635
636
637
638
639
640
641
642
643
644
645
646
647
648
649
650
652
655
656
657
658
659
660
661
662
663
664
665
666
667
668
669
670
672
673
674
675
676
677
678
679
680
681
682
683
684
685
686
687
688
689
691
692
694
695
696
697
699
701
702
704
705
706
707
708
709
710
711
712
713
714
715
717
718
719
