10000
8 619
7 968
2 8
9 359
7 796
0 981
9 902
6 806
9 358
2 530
4 922
1 297
1 762
6 693
5 951
9 192
0 137
8 319
3 305
6 670
6 526
2 395
4 876
6 162
3 670
5 969
1 840
3 985
9 101
2 181
7 559
0 622
9 913
2 533
5 999
5 699
9 543
9 331
0 985
0 32
6 876
3 935
6 647
4 698
9 286
4 801
7 633
6 232
6 52
0 453
1 347
7 956
5 936
8 999
6 160
1 573
8 722
4 132
4 808
3 117
4 398
0 629
7 29
1 266
9 5
7 512
9 561
5 242
5 134
2 106
6 962
8 401
1 568
0 742
2 52
1 158
7 156
1 171
2 28
0 957
6 847
6 77
3 316
2 594
1 941
3 125
0 761
3 965
6 750
1 393
0 946
7 252
8 719
4 978
3 241
6 162
3 784
6 185
0 629
9 240
6 860
0 851
6 271
2 328
6 903
0 513
0 653
8 640
0 569
3 499
8 242
6 588
6 280
0 124
3 623
0 168
4 800
2 483
6 215
4 472
2 222
4 655
6 440
3 936
7 603
1 199
8 476
9 870
1 941
5 356
0 429
8 426
1 614
8 680
9 719
2 326
9 136
6 505
3 657
1 966
8 256
5 794
1 332
3 178
5 346
1 907
8 129
6 384
4 240
7 953
9 215
7 590
2 330
5 308
5 917
7 936
2 509
4 284
1 81
0 494
8 67
6 583
3 423
8 320
2 30
1 313
0 931
2 287
4 378
9 938
8 940
7 847
3 292
8 980
1 975
2 492
9 254
0 929
6 732
3 341
7 210
1 697
7 937
2 782
5 651
4 680
2 283
7 38
6 38
9 639
7 871
1 53
4 896
4 493
1 610
2 78
3 868
7 341
9 139
5 499
3 532
1 380
4 396
0 80
8 506
9 136
4 540
5 882
3 552
3 442
8 588
4 362
2 675
6 640
3 515
0 604
3 7
5 552
2 472
1 217
8 41
9 44
5 233
4 706
5 300
7 326
5 47
6 724
8 771
1 226
6 191
2 714
2 194
1 292
5 588
0 644
5 553
0 900
7 614
2 641
4 132
7 872
5 35
9 591
0 958
7 783
1 338
9 38
8 451
2 889
5 530
3 357
5 601
5 249
0 551
6 198
1 548
7 242
9 665
2 389
8 31
7 152
2 357
5 281
9 210
0 537
4 774
8 204
6 841
6 279
5 33
4 455
8 237
5 855
0 602
8 906
8 796
0 382
5 247
2 651
9 213
2 578
7 463
6 51
7 235
2 385
7 187
9 540
3 919
6 17
3 327
6 843
1 670
3 966
6 267
3 754
2 184
2 848
8 113
5 641
5 609
0 998
9 246
9 912
7 621
9 64
1 922
3 761
7 511
3 197
5 31
3 950
5 973
9 553
8 696
3 815
4 910
6 481
6 38
1 701
3 701
7 988
1 52
1 903
0 473
5 341
2 431
3 410
6 778
6 870
9 847
0 157
5 186
3 602
7 721
9 264
9 757
9 734
1 689
0 62
7 426
9 46
6 384
4 641
9 800
1 14
9 194
6 402
0 810
8 987
5 996
2 643
7 883
7 251
6 12
2 113
6 407
0 676
6 996
9 332
4 827
6 132
3 517
0 782
3 919
5 238
9 89
6 356
3 947
7 232
3 611
7 779
4 885
2 188
3 151
1 366
3 556
5 378
2 102
4 781
5 308
8 625
1 589
4 58
0 278
0 184
6 16
3 597
7 798
4 472
0 996
2 616
4 406
3 315
2 534
4 529
2 804
7 620
9 824
2 617
7 350
4 372
1 144
4 648
6 134
3 580
5 337
3 682
4 570
8 251
7 472
7 326
7 313
4 47
9 315
7 619
0 846
0 101
3 340
2 622
7 869
8 294
2 87
6 949
0 352
6 451
1 359
6 789
1 413
6 499
9 190
7 773
9 489
4 716
6 624
3 993
4 230
1 78
7 953
9 355
7 607
7 819
1 582
1 328
6 443
3 413
5 325
8 359
4 441
0 22
8 102
7 627
9 992
5 30
1 113
7 630
9 881
8 66
0 746
5 838
9 602
4 512
5 508
2 120
4 326
2 393
9 848
9 141
1 415
8 163
2 627
2 629
2 622
6 349
4 780
1 246
4 819
1 689
0 9
1 655
9 642
9 454
6 66
1 18
7 837
3 700
7 355
6 660
9 714
6 33
8 886
8 946
7 729
5 100
6 825
1 764
5 492
8 956
4 192
2 421
0 535
5 181
4 830
2 556
8 539
9 416
0 870
2 199
1 687
4 25
6 745
7 667
0 386
4 486
4 976
0 987
3 407
6 90
9 388
3 469
1 927
7 733
5 938
0 774
6 612
8 825
5 278
8 594
2 494
2 933
3 366
4 360
0 777
8 9
3 478
0 782
9 53
7 890
6 827
3 304
7 151
1 795
8 691
1 474
9 538
0 33
8 705
3 367
0 225
1 336
9 234
0 106
0 12
6 659
1 348
2 967
3 162
5 309
8 220
8 727
4 569
1 42
7 845
4 445
3 165
3 772
8 278
3 68
4 253
4 509
1 380
6 480
4 308
9 395
0 952
9 977
8 573
0 484
2 118
7 176
3 89
9 374
7 205
9 38
4 859
9 749
3 403
1 472
0 708
2 930
2 369
8 560
7 305
2 48
6 662
6 398
3 862
2 498
0 594
5 214
8 464
2 381
5 572
4 959
1 100
0 318
0 173
8 101
1 611
0 283
9 755
1 403
4 833
6 63
7 818
9 568
0 621
0 529
0 492
3 161
2 64
6 442
5 738
4 96
4 763
8 1
5 750
9 824
6 686
4 698
1 544
1 475
9 906
0 737
9 490
2 60
0 758
7 172
3 425
5 533
2 338
5 705
6 319
9 360
4 795
7 198
9 13
0 884
4 367
0 697
9 899
6 792
5 949
8 841
0 923
1 560
9 979
3 37
3 863
1 992
8 145
7 376
0 244
9 768
3 259
8 158
6 220
3 503
3 604
2 541
6 788
1 166
2 436
5 753
0 982
7 646
8 4
9 976
7 661
4 860
2 206
4 458
3 658
2 284
0 685
5 859
2 996
6 928
4 610
1 420
1 804
5 408
8 467
9 747
5 125
5 427
0 4
0 447
8 536
3 304
1 936
8 72
4 569
7 52
9 59
4 459
1 227
5 361
8 249
6 201
1 404
5 85
4 513
8 761
0 643
2 649
9 608
4 890
8 410
5 44
6 794
3 21
5 751
1 94
4 181
0 755
1 923
9 374
4 753
0 864
8 579
8 354
7 232
4 53
0 565
4 801
3 673
7 68
7 586
3 113
8 147
9 732
3 89
8 886
6 930
4 928
5 261
4 386
0 215
0 516
0 918
8 829
4 520
3 704
6 440
5 252
1 65
7 38
2 470
4 997
6 673
5 288
4 205
6 499
9 804
7 582
2 712
4 692
6 688
0 26
5 902
1 96
9 333
6 121
4 748
2 582
3 732
4 736
0 234
4 738
8 939
3 830
2 420
9 572
9 606
6 616
6 948
5 164
8 536
9 773
4 784
7 395
4 606
6 142
6 745
7 258
7 890
0 23
4 989
1 797
1 575
1 791
7 505
5 493
0 312
1 706
9 0
3 301
5 611
1 827
3 12
0 728
5 552
1 591
2 728
4 824
3 181
4 204
2 640
9 107
5 343
9 47
2 603
1 330
5 481
2 568
5 931
0 85
7 428
9 402
7 754
6 147
8 219
5 1
2 739
8 811
7 612
6 114
4 586
0 428
2 290
9 250
0 672
9 82
4 10
1 945
3 399
6 79
2 824
7 478
7 189
7 333
8 527
6 705
3 272
6 179
2 199
7 473
9 454
3 351
5 39
7 609
4 768
5 747
6 459
5 843
1 203
1 829
6 2
6 532
6 356
9 527
3 520
4 807
4 554
8 819
4 142
2 412
3 806
9 500
1 383
6 603
7 207
8 696
6 966
4 174
9 9
5 257
1 390
7 193
2 911
8 918
5 128
9 963
0 488
1 199
2 495
8 527
8 233
4 292
3 830
9 591
7 548
9 58
1 291
7 883
5 643
3 253
8 820
2 705
0 58
1 248
4 396
4 635
0 687
8 208
2 775
7 736
9 336
9 260
4 425
5 828
3 323
3 528
3 677
1 830
0 827
0 978
7 542
8 542
8 920
0 124
8 238
1 707
8 343
9 891
0 180
5 215
7 178
7 25
7 667
9 970
4 312
5 96
9 249
1 772
5 77
1 243
4 446
3 579
8 606
7 628
3 567
3 979
6 276
4 671
3 929
4 817
6 277
2 784
8 240
6 74
9 832
0 322
5 266
8 136
0 750
3 38
4 297
6 131
1 91
8 587
7 442
5 260
6 5
4 935
4 980
8 252
1 326
9 778
6 545
1 535
9 368
2 991
4 662
7 309
4 924
1 463
2 989
8 774
7 148
2 929
4 406
9 629
3 825
5 705
0 701
8 663
4 884
6 114
3 464
4 989
3 8
0 442
5 865
5 990
2 613
8 521
3 168
5 441
8 936
8 361
8 456
2 86
0 56
1 575
7 4
1 598
5 704
0 9
2 255
5 962
7 988
5 888
2 321
1 839
3 855
4 274
9 604
8 339
7 250
3 561
9 166
1 958
1 199
6 820
8 345
2 703
6 644
8 178
3 299
4 602
2 596
2 844
4 926
3 240
4 787
2 120
5 960
9 203
4 424
2 994
9 184
1 482
4 977
1 172
3 56
6 809
5 30
7 542
3 214
5 513
8 583
3 334
3 91
2 81
1 560
5 975
9 150
2 952
9 807
3 782
0 278
0 206
9 622
7 956
1 530
3 527
4 791
7 34
1 398
8 397
4 260
7 81
1 518
1 918
5 846
7 569
3 670
5 123
8 212
9 819
8 546
2 234
9 897
3 909
2 765
7 322
6 366
4 126
7 125
3 590
1 433
2 785
9 623
0 85
1 676
0 958
2 629
4 939
3 150
6 199
0 842
3 631
1 614
9 162
4 800
5 90
5 600
1 717
6 163
6 128
4 85
0 751
0 967
4 620
4 225
2 413
7 721
7 344
7 490
0 454
2 949
1 903
4 799
6 842
8 110
3 491
2 745
5 290
1 310
1 900
3 108
4 982
2 45
4 544
1 212
7 204
2 922
2 90
4 106
3 62
4 282
1 793
2 174
0 118
7 372
1 399
8 19
6 380
9 85
4 980
7 301
5 840
1 362
9 323
1 241
0 375
1 318
1 240
0 631
9 666
8 757
2 555
9 825
6 221
3 549
3 898
1 765
1 763
1 46
0 285
5 160
9 501
4 208
4 350
5 480
7 223
7 460
1 702
2 402
9 193
0 814
8 491
4 208
8 85
5 28
1 543
0 720
1 46
2 475
4 458
0 101
4 881
4 839
5 845
4 505
5 572
8 509
8 276
5 5
3 663
8 421
5 602
6 939
7 69
3 424
9 748
6 278
2 776
0 210
0 737
4 347
1 103
0 60
0 955
9 431
0 479
9 512
7 683
5 799
7 935
0 659
5 747
3 0
0 743
9 832
0 305
9 478
8 106
4 477
1 985
6 367
4 140
1 925
5 399
0 265
7 636
1 706
2 241
2 285
0 606
8 844
5 677
5 8
0 551
7 223
6 774
6 379
9 849
5 426
6 408
8 271
1 996
9 807
6 372
9 910
5 900
8 578
6 456
7 429
6 451
0 231
8 932
6 828
8 605
7 717
3 325
2 746
7 654
1 556
5 335
3 383
9 290
4 190
6 927
6 752
7 961
8 983
5 974
8 361
9 445
9 971
3 756
9 90
5 650
7 816
5 182
4 909
3 540
4 217
1 97
5 534
9 22
8 949
9 708
7 955
6 76
5 612
2 21
1 622
8 419
2 345
2 15
2 764
7 732
6 712
9 330
2 576
6 142
2 37
3 523
0 692
0 297
1 812
2 386
4 370
5 941
8 406
8 349
5 892
7 530
8 600
7 539
7 902
7 390
3 221
3 311
2 202
1 597
0 307
1 828
6 788
3 81
8 415
4 743
9 201
8 600
3 132
2 666
3 199
2 354
1 659
4 714
1 654
8 255
1 293
8 327
7 542
3 655
3 219
2 643
3 671
1 601
9 761
9 908
4 12
6 70
9 617
0 912
8 475
6 921
1 631
8 229
6 726
8 199
2 282
3 745
4 775
6 826
2 993
1 185
1 995
4 365
9 420
5 261
6 824
8 43
6 809
0 697
3 156
3 169
1 428
6 771
3 640
1 117
2 20
3 326
3 940
7 6
6 348
2 635
5 449
4 697
1 640
6 482
5 980
3 615
0 637
5 680
5 673
2 289
3 790
4 87
7 997
2 469
7 361
9 586
9 471
7 447
8 676
8 907
7 962
3 132
4 288
2 564
7 608
1 33
1 158
2 507
1 214
3 879
0 78
4 765
7 747
3 350
7 831
2 147
6 158
1 79
6 90
1 96
9 186
8 476
0 941
0 188
4 649
4 419
9 221
9 657
0 84
6 770
5 954
4 397
8 195
3 939
1 120
1 363
9 855
4 341
0 513
4 639
1 286
6 269
7 621
0 855
9 623
9 620
7 230
7 68
2 184
3 90
6 731
8 991
4 673
6 760
8 551
6 728
9 526
3 724
7 613
0 542
2 892
2 192
5 869
0 617
3 647
5 737
8 540
5 343
8 749
1 88
2 882
0 826
1 503
4 244
1 507
8 732
4 638
7 590
3 875
1 249
3 603
6 590
1 403
6 46
4 726
2 141
9 641
5 706
9 897
1 639
6 426
7 182
4 676
3 259
6 979
6 452
0 875
3 105
7 665
7 119
1 976
2 378
3 609
2 139
1 414
6 599
7 530
9 593
9 244
8 135
9 741
8 494
0 319
5 582
3 440
1 755
6 343
4 722
7 287
5 146
2 20
7 921
6 908
2 135
2 54
5 63
7 858
3 99
7 537
7 851
7 764
6 774
5 118
6 748
0 737
2 796
6 710
5 687
9 919
3 148
0 783
7 458
6 841
8 197
5 619
7 735
5 33
8 178
9 694
7 246
9 200
6 878
3 137
1 908
1 76
1 719
6 648
2 879
1 113
8 246
8 815
0 805
3 870
9 380
5 599
4 683
0 48
2 89
5 815
1 932
1 432
0 439
2 206
1 949
5 774
1 742
9 556
0 817
3 220
6 678
9 512
5 308
4 611
8 436
6 774
5 5
5 397
8 666
2 141
3 612
5 189
3 193
0 281
0 550
6 896
4 9
9 278
0 348
1 404
4 3
1 531
6 73
9 833
5 220
8 734
9 579
7 877
9 48
0 472
5 348
9 516
8 466
2 365
4 62
0 288
1 327
3 764
1 437
6 519
4 260
9 489
9 867
9 301
8 903
1 203
2 141
6 298
4 584
3 110
4 121
1 402
1 598
8 538
7 142
3 381
3 0
8 932
3 616
5 471
3 5
6 149
1 775
9 133
3 109
6 695
0 22
5 369
4 644
5 344
2 655
6 879
6 286
9 211
5 41
3 491
5 46
5 574
4 778
6 560
9 332
6 499
3 732
0 355
9 465
2 852
9 114
0 464
6 539
6 683
6 47
4 7
1 504
4 986
7 670
4 550
4 179
0 736
4 606
9 667
0 480
1 881
4 938
6 375
2 19
6 437
6 921
6 541
3 406
4 87
0 761
0 457
1 375
5 541
5 664
3 51
0 416
7 428
7 968
6 520
2 550
3 434
4 782
8 275
1 190
1 644
3 379
9 580
6 364
4 735
1 710
8 862
6 98
7 169
3 472
8 123
9 26
4 873
3 221
6 376
8 891
8 51
2 500
2 714
7 132
1 583
7 614
2 348
7 114
9 849
7 277
8 989
2 528
3 802
9 388
4 540
8 887
5 929
5 603
1 632
5 780
2 648
7 38
6 176
8 893
7 429
8 997
4 164
3 968
1 654
9 834
4 14
3 165
0 487
6 965
2 574
9 22
6 517
3 907
2 904
2 719
8 349
8 129
6 620
0 169
7 833
6 849
8 102
3 860
1 162
5 88
5 257
1 957
2 553
5 157
9 41
6 169
2 972
0 594
0 466
1 555
3 145
1 525
0 107
5 909
7 898
6 4
4 798
3 618
8 203
2 497
9 31
7 635
5 34
4 284
0 682
5 488
4 933
0 146
4 777
5 308
5 50
4 518
5 963
9 889
8 292
2 409
2 431
3 707
8 654
6 966
3 519
8 233
1 156
2 180
3 433
9 297
3 490
1 22
4 332
3 307
6 677
4 327
7 832
9 573
7 714
0 200
1 683
9 64
7 813
0 462
3 733
3 110
4 265
8 55
9 423
3 911
0 460
7 207
7 962
5 466
5 699
6 598
4 99
1 601
9 908
3 539
0 202
0 934
5 161
4 444
1 42
3 684
8 973
0 793
0 50
2 298
3 614
4 511
4 249
2 6
8 865
8 867
6 574
6 915
7 790
7 318
0 93
3 23
4 272
6 689
2 454
9 143
8 573
8 471
0 456
1 358
0 402
0 767
8 716
9 400
7 730
9 26
0 100
8 578
9 245
8 76
8 943
3 766
3 563
3 718
4 785
6 719
4 682
2 543
3 857
2 282
9 352
1 98
9 738
3 515
9 322
4 681
0 190
4 161
0 754
3 462
2 335
2 106
5 357
2 794
5 282
2 490
2 73
5 86
5 645
4 483
1 883
2 922
9 681
1 516
8 342
8 353
3 540
0 384
7 799
1 800
3 944
9 405
0 258
0 208
5 782
4 249
5 235
3 117
7 634
8 730
1 992
9 343
0 923
7 117
6 284
2 492
7 897
7 625
7 77
6 127
4 213
1 904
2 929
7 744
1 343
9 919
5 938
8 556
2 58
6 271
9 591
9 951
1 349
7 713
8 97
4 975
0 216
5 139
2 278
6 87
9 427
7 647
7 647
3 915
8 566
1 737
0 328
7 24
2 952
3 793
3 266
5 740
6 25
0 7
3 832
6 615
5 790
0 313
5 845
6 831
7 793
2 257
1 635
1 487
7 398
3 706
6 427
9 837
1 704
5 135
8 629
1 485
8 392
8 235
9 406
7 647
5 14
5 9
3 565
1 616
5 776
6 6
7 457
6 34
4 68
2 77
4 610
8 806
9 740
8 929
3 798
8 34
8 859
6 841
4 539
4 456
6 469
4 897
7 997
1 467
3 791
6 761
9 176
2 473
3 989
8 442
8 357
7 978
3 209
2 19
5 965
0 133
1 939
4 740
7 341
2 689
2 822
2 603
7 396
1 604
9 477
9 240
9 212
0 741
5 416
2 551
2 926
3 194
0 94
2 488
6 520
0 948
7 6
2 29
1 626
7 858
7 679
0 317
8 696
2 3
4 198
4 872
9 618
2 678
7 379
1 839
2 723
5 931
6 26
7 511
3 593
0 825
5 156
2 853
2 890
9 963
2 790
5 902
4 590
5 501
3 124
7 248
0 505
7 956
2 829
6 563
1 215
0 764
9 220
3 222
8 853
0 578
9 399
5 430
4 438
6 337
7 960
5 480
0 455
5 376
9 282
0 776
3 708
0 869
5 845
8 417
8 656
6 29
8 163
2 423
4 80
2 544
5 727
0 885
2 148
0 845
3 891
3 619
2 849
3 215
0 959
3 771
4 317
0 49
3 950
0 462
2 614
2 759
4 719
4 211
1 905
9 678
6 56
3 773
9 164
0 979
2 309
2 117
5 239
3 797
8 711
9 908
8 954
1 44
5 310
0 228
4 381
3 389
5 893
3 723
7 839
7 560
9 831
8 154
5 915
8 639
5 589
5 329
0 904
9 594
5 8
6 808
0 108
0 207
0 428
1 438
9 321
9 794
2 55
7 602
9 588
4 285
5 788
1 408
9 368
3 284
1 514
4 146
1 358
0 313
2 974
1 742
3 439
4 827
0 173
7 464
0 669
5 938
3 743
3 527
8 37
0 868
8 973
4 172
3 57
3 806
9 928
8 15
9 773
5 551
7 961
1 396
4 143
4 776
5 369
5 687
7 494
5 647
1 948
7 487
8 685
1 417
0 530
7 669
7 655
4 628
6 924
5 243
4 47
3 642
1 702
6 202
7 262
6 41
7 357
7 596
7 201
8 344
4 825
9 413
1 922
9 93
1 444
0 601
8 736
7 287
5 952
0 703
9 27
3 805
1 653
6 117
2 793
7 274
3 164
0 787
0 107
4 311
6 907
9 733
0 535
6 460
2 890
8 81
4 598
1 993
7 666
5 104
4 951
8 455
1 756
6 581
3 812
5 414
7 183
6 431
3 548
4 586
0 745
0 735
9 933
1 592
1 216
8 126
0 455
8 972
9 203
8 763
9 824
4 112
0 395
7 106
6 125
2 760
6 739
2 902
7 912
4 649
1 570
9 986
2 45
7 615
5 890
8 953
1 935
4 410
6 990
0 962
3 898
0 364
8 907
8 687
7 448
6 326
6 800
4 422
4 339
5 474
1 104
8 631
0 563
9 368
6 247
3 737
5 431
2 161
6 365
0 536
7 874
4 211
2 554
7 590
5 360
1 811
7 561
4 502
4 172
8 55
6 580
2 946
6 582
6 38
0 645
0 140
4 125
3 263
8 674
7 952
2 987
4 497
8 894
1 51
6 249
5 175
4 279
4 530
7 918
9 498
7 141
6 461
7 679
2 326
0 957
3 76
0 730
7 181
9 263
4 378
4 720
8 31
2 364
3 861
4 128
8 224
4 377
9 916
6 790
9 789
5 209
4 69
1 129
7 942
3 864
8 594
5 563
8 272
0 876
0 589
6 562
1 653
5 879
5 684
4 190
0 484
9 28
8 718
7 184
5 239
0 669
2 11
2 148
7 229
6 797
2 718
8 11
5 987
5 9
9 938
7 523
2 670
6 666
2 708
7 737
0 278
4 470
8 708
7 953
1 331
7 445
8 177
8 490
3 727
4 214
9 79
6 777
1 979
4 828
1 982
3 13
4 350
7 619
8 791
3 684
0 701
7 551
1 276
3 422
3 229
1 47
2 63
7 749
1 956
1 107
7 830
6 267
6 293
7 927
0 148
5 276
4 430
2 107
0 247
3 779
7 856
8 165
1 340
7 340
9 489
7 614
6 949
2 879
7 457
8 706
2 106
3 835
8 498
5 312
4 161
6 912
5 917
5 626
4 681
1 934
4 104
3 869
2 117
7 985
7 243
2 870
3 52
2 265
4 336
4 986
8 357
2 204
9 44
3 912
1 487
0 584
5 81
1 333
3 891
8 153
8 389
3 863
7 417
7 372
5 84
1 941
6 325
1 95
2 665
2 93
1 541
4 432
0 511
5 201
6 464
5 915
7 67
0 674
6 594
9 928
3 94
8 809
8 703
9 479
6 601
0 519
8 320
7 144
2 406
3 612
9 80
9 412
1 993
4 322
1 823
2 644
8 498
8 716
2 357
0 258
4 147
8 480
7 107
3 679
0 350
2 764
1 197
0 959
3 643
3 156
0 911
3 762
7 252
6 299
3 362
1 638
9 714
2 356
9 122
0 716
3 15
4 283
6 345
8 91
1 903
6 142
0 738
2 602
3 71
0 670
0 839
6 322
4 114
2 755
3 713
8 90
6 639
3 630
8 996
3 662
9 349
4 90
1 88
1 146
1 284
2 282
6 813
5 55
6 282
7 545
1 279
8 102
9 388
0 593
8 523
1 971
7 129
1 338
6 444
4 377
6 681
1 230
7 954
5 492
7 95
5 610
9 51
5 674
0 824
0 823
3 591
0 909
9 544
0 629
5 112
4 405
5 355
8 667
5 612
9 234
0 575
0 462
1 246
2 65
4 782
4 417
5 60
8 784
7 953
1 282
9 107
0 238
3 704
0 152
7 134
3 402
8 921
1 335
0 380
3 928
7 668
3 916
3 740
9 332
4 801
6 137
0 683
1 751
8 351
7 391
2 670
3 193
6 37
2 137
9 308
4 961
4 789
3 704
1 955
1 912
8 30
0 42
6 495
7 479
4 76
0 20
8 43
1 26
2 122
3 188
2 919
4 406
8 714
7 616
5 525
7 112
8 957
5 339
1 329
0 987
0 68
6 532
9 910
5 883
5 411
9 152
9 219
8 417
3 47
8 291
6 250
5 198
7 939
0 37
6 46
7 53
4 720
8 917
6 833
8 41
5 869
1 263
2 131
3 401
8 402
8 821
1 475
9 929
7 247
0 371
2 679
5 97
5 699
1 408
8 502
5 465
0 22
1 839
8 97
3 402
9 621
3 532
7 932
4 200
3 116
2 161
6 376
4 884
4 963
5 987
0 120
9 526
0 869
8 986
8 294
9 845
5 299
2 391
6 217
2 790
3 543
8 818
6 591
2 63
2 372
4 708
1 190
6 324
7 288
5 404
8 76
5 877
9 5
0 988
5 239
7 245
1 108
9 80
0 454
0 633
1 193
9 699
2 955
7 823
4 713
7 895
8 166
9 856
1 419
5 394
4 690
9 130
0 392
7 878
2 45
4 53
5 231
9 2
3 155
1 498
2 743
1 348
2 853
2 79
2 426
3 621
1 493
6 604
3 342
3 421
2 372
1 6
5 297
9 859
0 214
5 320
2 748
7 865
9 561
1 253
0 798
2 483
9 314
7 866
4 949
0 734
2 832
9 304
6 439
6 580
1 519
1 610
0 949
0 939
1 489
5 567
0 755
6 958
8 136
6 415
8 490
4 95
2 889
0 139
3 253
6 671
1 690
2 419
9 825
5 529
7 238
3 982
9 836
0 752
7 452
3 436
5 5
8 643
2 312
5 602
7 881
4 26
1 933
4 590
0 183
1 762
3 594
5 104
0 371
4 90
4 713
5 144
6 439
6 302
6 949
6 5
4 867
6 781
6 167
8 247
5 869
5 153
7 131
4 892
8 804
8 15
8 889
3 614
1 17
7 768
2 511
4 175
5 495
6 867
6 706
1 393
5 502
1 727
0 494
5 826
7 980
5 884
0 380
4 576
0 103
4 53
7 807
3 372
3 255
8 344
4 733
3 225
1 974
9 558
5 259
3 835
1 914
1 487
9 905
9 381
2 97
3 2
4 733
6 586
7 303
2 639
9 356
7 960
4 815
5 867
4 900
5 1
1 108
3 797
7 242
1 402
7 992
2 623
3 469
4 402
6 518
8 497
5 594
9 584
4 664
1 862
4 842
0 757
6 732
5 344
7 801
6 693
5 530
8 896
9 905
3 841
2 27
4 678
6 174
0 409
7 402
5 471
0 824
7 575
0 160
3 219
3 735
5 132
0 608
9 334
0 15
7 626
3 202
3 44
7 254
6 594
6 104
0 281
8 983
9 173
5 154
9 484
6 684
1 533
0 644
8 495
6 41
6 83
8 113
2 1000
2 652
4 404
1 347
1 374
4 921
9 853
6 319
2 343
3 952
1 986
7 433
6 636
6 981
4 407
3 226
2 841
7 379
8 325
2 0
0 746
2 937
8 376
2 624
3 639
5 286
0 552
5 484
7 884
3 286
7 938
0 77
4 771
9 94
9 873
6 795
1 706
3 597
9 366
2 492
2 868
0 9
2 877
3 987
6 338
3 431
8 164
7 435
2 344
9 30
0 623
3 216
7 936
3 101
3 104
2 688
4 751
1 80
7 571
8 77
6 28
1 566
6 706
8 819
8 219
1 957
8 54
0 551
4 366
4 672
0 244
4 442
1 747
3 312
5 279
6 297
6 587
7 881
9 243
0 31
9 238
9 995
8 541
5 662
7 888
4 758
9 693
4 507
9 411
1 828
5 898
9 68
9 368
4 466
5 338
1 73
9 866
6 248
1 993
4 694
3 243
8 392
2 340
7 446
4 407
9 512
0 779
4 788
6 219
3 757
3 440
0 823
6 277
6 403
9 670
8 840
1 929
1 921
2 820
8 400
1 330
1 530
5 182
3 254
3 260
7 648
4 531
5 6
5 921
0 458
4 576
1 575
8 910
3 463
3 551
1 956
1 155
8 679
9 183
2 119
4 634
6 144
8 618
1 352
3 940
1 200
5 799
4 710
8 960
5 127
3 105
8 81
3 950
2 980
1 383
0 266
5 556
6 871
9 250
8 784
2 413
3 85
5 448
2 300
9 347
6 297
8 200
8 403
4 829
9 663
9 171
5 227
7 339
0 972
2 390
3 159
9 428
5 705
6 729
9 663
7 122
0 908
4 28
1 853
4 383
0 67
1 443
8 662
9 462
1 61
0 78
0 346
2 154
5 72
3 436
9 28
3 385
2 570
2 246
0 961
6 937
0 564
6 393
2 852
1 549
2 88
7 513
2 132
0 865
2 620
5 320
8 858
3 584
6 499
8 540
4 149
7 559
5 547
6 629
3 187
2 692
1 494
2 399
3 252
5 211
8 254
1 520
0 927
1 921
3 623
7 575
7 627
5 867
1 776
2 262
4 363
4 929
8 848
3 864
1 281
3 972
2 606
0 28
0 284
0 338
3 98
5 369
3 737
6 899
6 421
4 855
9 494
0 330
1 491
3 131
6 960
3 998
2 974
2 478
8 664
8 855
2 418
6 178
5 840
5 737
7 618
6 734
3 755
6 143
4 328
8 708
0 67
1 233
0 111
7 679
8 907
3 918
2 828
1 860
8 863
4 617
1 568
4 281
1 484
3 949
4 700
7 790
7 742
0 188
2 423
7 7
7 781
5 344
7 20
1 965
6 179
3 743
0 311
8 141
1 449
6 298
6 436
7 605
4 801
3 720
8 41
0 243
4 342
7 430
6 170
8 316
8 356
4 477
2 83
9 152
5 398
6 680
0 919
8 391
2 458
2 322
2 217
8 11
3 842
1 303
5 215
4 51
5 368
3 929
3 837
6 983
9 912
3 758
5 327
6 238
2 639
9 975
6 816
7 105
4 807
8 49
3 408
7 283
6 318
0 227
3 982
2 78
2 252
5 412
0 364
8 53
2 591
2 859
7 393
9 753
2 753
6 602
5 592
6 626
6 786
4 755
9 443
7 660
4 49
1 273
5 102
2 416
9 425
8 98
5 619
1 398
0 33
5 602
2 574
0 916
2 461
3 816
3 194
4 288
6 237
7 347
7 267
1 31
5 108
5 200
2 50
2 478
7 287
1 89
1 998
3 910
9 365
8 51
0 891
7 183
0 280
9 847
7 364
8 930
7 387
6 890
4 107
5 902
7 137
7 945
3 995
6 973
0 268
9 299
9 52
0 666
2 393
1 570
7 79
3 920
5 8
5 284
9 868
6 199
2 866
8 520
6 377
9 600
1 206
3 184
7 762
2 972
0 743
3 292
5 420
3 669
9 401
3 924
4 518
8 654
6 646
3 623
3 355
5 47
3 503
8 200
7 462
3 490
7 92
4 716
5 373
7 320
9 407
6 733
4 55
1 998
7 249
7 103
8 534
8 856
3 763
5 681
9 607
9 118
6 642
3 591
4 289
0 480
4 153
8 311
7 289
3 289
5 309
6 142
5 924
6 950
3 124
1 600
1 491
3 811
8 622
5 839
2 312
8 988
9 220
9 745
8 987
3 738
5 116
9 209
8 258
3 415
8 480
7 805
6 803
3 794
0 707
9 716
6 330
1 866
7 381
4 440
5 644
1 44
0 748
3 180
8 102
3 769
2 681
0 553
3 569
7 289
3 669
0 294
5 398
9 239
6 770
0 837
6 857
4 244
6 515
9 991
4 91
4 199
6 22
0 946
1 788
7 556
6 930
1 145
1 700
6 486
8 754
1 954
2 584
5 905
5 2
6 716
0 34
1 866
9 46
7 27
8 426
0 671
3 123
8 372
5 890
6 363
5 561
2 945
6 204
0 243
4 124
4 991
2 944
4 905
6 46
4 204
9 204
1 517
9 380
0 532
7 127
0 293
7 211
5 833
2 777
8 1
6 105
5 439
9 227
2 729
3 965
5 436
7 187
6 186
9 222
1 908
7 303
2 728
8 438
1 309
6 16
1 495
3 683
5 552
9 967
3 874
0 594
7 479
7 644
3 419
5 764
3 906
1 526
7 961
6 883
2 558
9 961
8 402
1 676
8 242
5 614
5 953
2 116
2 369
1 788
5 315
4 113
8 308
0 543
9 293
8 919
2 706
6 594
6 211
7 441
1 292
0 259
7 953
4 676
1 825
9 108
3 705
2 50
5 550
1 661
9 400
7 384
2 838
5 283
6 627
5 883
5 468
8 163
8 207
8 121
1 993
3 552
5 831
6 89
7 577
6 914
9 19
4 462
0 655
2 286
3 158
5 891
5 1000
5 427
8 273
0 929
3 468
6 342
8 773
2 369
2 871
8 15
5 651
7 127
5 221
3 969
8 271
8 386
5 293
2 167
0 741
7 211
5 265
6 888
6 674
4 77
1 920
4 815
8 570
4 257
2 735
3 551
8 464
8 966
7 129
9 703
2 918
5 769
0 466
4 912
3 603
1 64
2 81
3 473
0 200
7 824
6 645
7 320
3 692
8 246
8 799
2 381
8 863
0 589
2 186
9 849
5 179
2 692
0 171
1 292
4 895
7 686
0 180
8 28
4 672
9 72
8 224
4 876
3 985
8 486
3 655
7 650
3 628
8 785
9 195
6 170
2 883
7 9
2 552
8 314
3 312
0 383
3 530
3 3
1 414
7 375
4 514
3 283
7 55
4 632
4 524
2 30
9 38
9 539
6 767
8 504
1 930
7 305
5 527
6 354
5 488
3 79
0 133
8 524
1 810
8 819
5 338
4 811
4 268
8 657
7 202
4 805
6 429
6 972
5 489
3 276
7 434
1 358
7 408
1 135
3 418
8 932
2 183
5 132
0 92
8 867
1 330
7 497
7 852
4 94
5 483
4 6
5 416
5 864
6 627
3 731
8 332
8 491
6 95
8 347
9 793
6 552
3 575
1 262
9 206
6 766
4 417
2 986
7 516
2 346
7 227
3 879
0 119
7 765
9 683
8 472
6 325
2 597
2 763
4 15
0 906
1 348
3 933
3 535
4 563
6 281
4 337
9 40
4 529
4 51
8 607
5 686
8 929
7 211
2 522
5 350
6 387
8 129
1 413
1 457
9 234
0 146
8 898
0 718
2 372
7 327
8 674
6 290
1 366
0 292
9 107
7 695
3 722
4 503
8 177
5 490
5 78
5 672
9 513
8 783
2 540
3 243
1 193
1 505
4 724
9 136
0 820
8 324
3 344
3 365
2 858
3 312
6 182
4 292
6 755
8 961
0 566
2 578
4 737
8 8
9 259
4 982
4 666
9 0
1 513
4 602
3 602
4 996
0 588
6 168
3 53
8 707
1 713
0 67
0 747
6 289
6 601
4 466
6 266
3 656
0 903
4 839
0 862
7 287
9 812
0 863
2 965
8 864
5 234
1 816
9 387
7 677
9 65
8 944
9 680
7 800
2 547
7 86
0 853
7 238
3 209
4 910
8 359
3 541
5 394
9 574
4 843
9 459
2 774
2 930
3 693
6 34
1 57
3 28
3 184
5 263
0 366
5 257
8 636
4 8
6 536
9 191
4 212
4 666
0 744
3 128
8 14
4 55
5 974
5 671
1 39
6 241
4 487
3 821
3 987
7 532
5 791
9 280
9 755
1 679
4 922
7 314
3 970
4 6
2 143
1 791
4 992
6 278
4 530
3 290
8 307
8 109
1 616
6 790
5 716
2 558
3 966
2 573
3 932
0 568
2 327
1 637
3 80
7 486
8 393
6 197
6 979
6 177
6 385
0 655
2 816
1 429
3 465
5 406
6 652
6 541
0 713
5 297
7 92
3 784
7 249
8 876
8 977
3 202
0 710
8 844
7 139
2 997
5 654
1 70
6 757
2 285
6 789
3 953
4 746
5 746
0 407
9 603
0 364
7 436
9 41
7 980
7 241
2 165
1 759
8 891
2 537
6 985
0 829
6 586
8 363
2 259
7 643
1 845
7 47
0 461
8 940
8 341
8 797
2 455
6 122
9 761
3 902
9 675
7 62
4 995
1 283
5 576
7 496
8 623
2 80
4 704
9 594
8 580
5 240
1 327
2 71
1 22
7 213
4 393
1 338
1 390
7 20
3 928
0 767
3 441
1 13
4 557
4 879
1 688
6 172
2 481
4 793
1 596
6 581
8 971
5 756
2 921
9 707
9 674
8 87
3 11
3 639
3 87
4 395
0 635
9 480
5 190
8 1000
7 658
3 155
4 880
8 59
3 68
3 337
8 930
0 927
4 595
2 890
5 772
5 147
1 232
2 903
8 280
5 589
5 863
5 947
1 36
7 922
2 462
1 226
5 62
5 713
0 407
0 29
6 576
5 965
2 494
8 921
8 460
9 403
7 944
6 755
0 45
6 774
9 315
5 588
3 532
9 415
1 902
1 497
9 310
9 976
6 329
3 960
4 95
2 801
1 401
2 709
8 612
7 643
0 863
6 374
5 221
9 714
7 923
6 982
0 672
7 418
4 543
6 479
9 429
3 366
3 215
4 657
6 938
2 133
8 911
0 574
4 987
2 636
3 498
8 213
5 263
4 861
2 698
1 133
3 1000
4 646
2 955
0 422
2 983
5 381
1 444
5 715
8 933
9 720
9 657
9 290
0 253
5 416
8 870
6 767
5 740
1 465
8 95
8 276
8 823
2 351
3 302
9 387
7 106
7 355
0 420
3 373
4 866
5 4
1 29
9 986
3 564
6 843
6 26
8 117
2 466
6 806
0 224
0 383
6 370
9 783
8 454
1 533
5 636
8 746
1 999
5 814
1 871
1 602
8 465
5 126
2 568
8 78
1 195
6 502
0 271
7 425
2 441
4 735
8 185
6 121
3 901
9 126
7 590
4 48
2 828
8 675
7 177
1 568
7 596
7 318
7 45
7 281
7 702
8 943
7 186
9 761
1 998
4 238
3 304
6 332
4 532
4 909
2 140
9 772
7 927
0 292
5 834
3 147
2 280
1 111
0 152
1 243
5 448
4 427
9 148
6 265
6 145
5 79
0 720
2 712
7 941
1 308
6 268
8 999
2 235
0 394
4 672
8 918
9 810
9 253
2 173
4 18
1 71
0 295
9 948
9 127
9 391
0 352
1 582
5 587
0 842
7 275
9 309
7 13
7 918
1 456
6 474
1 100
0 261
9 336
6 782
6 788
4 589
4 212
7 871
8 368
9 471
5 606
3 216
1 588
0 576
4 916
3 899
4 595
0 791
4 58
5 774
8 125
1 366
7 914
4 137
7 639
6 305
4 77
8 863
4 345
3 88
7 178
7 656
1 527
1 774
7 399
8 812
1 600
0 862
9 413
8 175
8 296
2 986
6 692
4 418
9 667
1 368
8 874
4 998
9 851
6 366
5 8
4 773
4 354
6 502
9 323
2 199
1 848
6 373
7 103
2 647
5 679
6 996
4 418
3 643
7 144
0 517
6 876
0 141
1 305
7 686
3 10
4 318
8 450
4 468
7 864
3 13
2 509
6 93
2 383
9 195
1 124
5 370
1 383
1 919
6 534
7 696
0 870
6 784
5 396
3 253
1 747
7 801
7 656
9 182
3 10
3 256
5 471
3 825
6 517
0 231
4 728
4 285
2 631
4 297
5 10
5 666
5 507
2 702
8 741
7 582
5 953
9 265
9 844
8 967
0 523
4 100
0 504
1 538
3 144
6 232
7 75
7 291
8 54
9 125
4 568
1 235
7 234
5 633
6 280
8 818
5 176
2 434
3 994
4 195
3 187
7 673
6 326
4 225
6 338
4 866
2 437
5 115
9 291
2 128
5 36
5 755
5 554
0 582
7 541
7 375
7 896
2 371
1 393
9 291
2 17
2 326
2 948
8 816
0 879
0 500
3 580
8 817
8 824
9 371
5 556
5 473
3 174
7 362
6 511
6 988
3 190
9 984
7 444
0 66
0 123
5 927
9 892
4 527
4 522
5 460
4 334
6 219
2 157
6 766
6 305
1 887
2 757
9 323
0 49
7 904
4 26
8 566
8 263
6 323
0 371
8 552
6 406
4 904
3 733
1 612
3 802
1 533
5 58
6 139
3 626
8 970
0 562
5 260
3 700
4 299
7 366
0 466
0 312
6 716
5 418
2 82
0 516
7 158
7 852
5 371
2 29
1 510
4 256
2 416
0 353
3 717
2 256
5 872
8 932
9 613
9 605
6 258
9 0
9 694
0 403
0 19
0 786
7 714
1 990
4 378
3 224
3 442
3 657
1 49
1 591
9 627
3 47
5 316
1 682
1 279
1 145
8 898
6 519
9 353
0 811
2 541
8 205
0 205
7 986
7 139
3 297
2 463
3 30
1 772
3 169
8 487
7 39
1 626
4 65
4 447
9 89
1 600
8 660
0 536
6 440
6 602
5 130
0 461
7 224
5 873
6 974
9 88
4 814
0 952
4 383
7 444
7 75
4 147
4 230
0 450
6 48
4 97
7 497
2 340
7 171
8 495
3 953
1 537
0 988
0 25
0 266
1 534
9 203
2 456
6 54
8 794
2 339
5 282
8 829
6 938
8 214
1 834
4 705
3 313
7 239
1 754
4 807
7 537
4 348
1 824
6 280
4 506
3 197
2 835
7 790
8 25
5 894
9 551
3 611
5 362
7 201
9 736
3 783
8 88
0 957
9 533
0 219
9 235
4 897
8 133
3 222
1 70
7 398
9 785
6 484
2 930
5 952
8 763
2 938
7 865
8 454
2 200
3 507
6 780
6 886
4 780
2 452
0 603
8 470
1 239
9 224
2 709
8 833
5 600
1 12
6 735
3 242
1 830
6 751
8 842
4 212
5 123
8 470
7 203
1 805
6 273
3 991
9 895
3 143
6 975
0 339
6 312
6 24
4 19
9 440
7 101
7 172
2 696
4 332
5 963
0 412
0 545
2 598
9 917
5 625
1 587
3 980
1 926
7 730
5 470
1 186
0 893
9 176
5 692
3 868
3 334
6 270
1 683
4 9
7 299
0 870
6 978
8 474
6 233
8 228
2 754
7 655
0 463
8 924
6 29
0 189
7 452
4 623
8 708
1 113
1 646
8 273
7 211
9 907
2 331
7 528
7 239
1 110
7 704
6 547
4 206
4 166
7 575
2 482
0 111
5 671
6 958
0 71
1 71
9 303
9 803
3 558
5 704
6 433
6 83
7 520
1 786
4 637
3 166
7 334
1 403
0 725
9 328
3 218
2 154
7 183
2 734
9 378
6 99
1 225
0 862
7 161
3 812
3 7
9 606
5 255
5 726
8 749
8 466
8 144
5 560
3 957
7 448
7 110
2 525
8 110
3 461
6 724
1 760
7 941
5 453
3 445
0 865
7 613
4 542
2 20
2 464
1 84
1 0
5 841
8 911
9 292
3 913
0 333
1 127
8 109
3 849
9 138
7 438
7 114
6 198
5 771
8 802
0 956
6 430
8 709
2 436
0 711
6 707
5 92
3 388
6 413
8 445
4 640
4 993
1 243
3 580
2 234
6 249
3 874
1 985
0 18
0 583
2 840
4 844
9 122
2 823
6 467
3 466
8 532
3 242
1 30
9 169
8 202
8 143
9 788
5 658
5 928
2 225
6 219
6 389
8 990
3 256
1 861
6 945
5 252
2 547
8 698
3 927
6 516
1 666
3 887
6 800
6 635
0 962
9 474
8 576
7 253
3 611
9 936
1 886
0 431
2 850
4 529
8 408
1 845
7 38
8 779
6 615
6 553
9 648
3 618
4 181
0 747
0 364
8 727
5 249
6 371
9 666
6 564
2 325
9 838
3 209
6 582
6 410
6 90
1 542
2 972
1 268
6 895
3 780
6 881
5 468
9 507
4 223
3 898
3 859
9 292
5 732
9 582
0 698
9 889
9 70
1 653
8 268
6 971
4 859
2 767
7 483
5 841
9 725
0 945
6 854
4 31
7 800
6 726
0 666
6 117
9 164
4 764
7 699
0 481
4 966
1 264
6 592
5 845
0 223
0 281
8 715
3 351
9 997
0 391
5 381
3 778
3 660
3 978
9 966
5 605
8 777
9 759
7 45
1 375
3 81
7 35
2 349
2 1000
2 844
6 697
8 280
5 459
1 705
6 988
3 966
8 671
2 842
9 110
6 32
9 846
9 832
4 600
1 647
5 215
0 371
4 404
5 75
5 280
9 681
0 521
7 549
0 78
1 621
9 968
2 53
9 458
0 73
5 445
3 37
6 210
6 571
5 439
1 168
1 807
7 366
9 875
4 208
4 687
8 521
7 173
5 157
6 840
2 378
9 951
4 635
3 204
8 156
3 232
1 433
4 243
9 746
3 405
2 761
3 474
4 435
5 236
9 277
6 513
5 51
0 451
3 4
3 582
4 680
2 865
2 233
6 602
1 916
0 624
8 788
0 647
8 744
3 195
1 650
2 55
7 862
0 76
8 543
3 717
2 854
9 715
6 69
1 756
6 13
7 350
0 857
0 405
4 260
9 0
5 308
7 300
8 634
6 725
3 726
2 779
8 93
7 355
1 500
6 837
3 871
6 696
2 563
6 708
0 390
4 423
1 145
1 247
1 481
1 335
8 484
6 475
8 296
3 119
3 321
9 691
4 522
2 300
1 867
4 980
5 406
2 335
2 506
9 710
4 625
2 883
5 848
3 66
4 258
7 321
7 832
6 151
3 468
9 510
0 840
0 971
6 581
6 177
2 268
4 764
0 622
1 692
9 74
3 303
2 635
2 602
7 706
4 200
0 585
0 197
1 889
0 359
7 163
8 247
5 113
9 705
3 37
5 584
9 845
9 444
9 892
3 636
4 489
2 461
5 236
9 497
4 517
5 284
9 82
6 492
1 232
4 310
7 592
1 381
0 471
0 606
6 561
0 341
4 768
0 813
6 150
9 818
1 546
7 37
3 323
9 203
0 725
0 515
5 96
6 824
4 101
7 311
3 51
3 402
2 143
3 512
5 595
3 341
1 122
0 458
7 597
2 691
8 173
9 709
8 481
3 218
5 652
7 245
9 871
1 522
6 933
4 688
9 745
9 358
2 97
1 382
3 477
9 396
8 658
7 301
5 327
3 722
2 738
2 682
3 684
7 311
0 309
4 835
2 409
3 300
6 699
6 891
0 135
1 207
7 772
9 932
0 717
4 768
5 1000
6 752
1 33
1 991
0 752
4 85
0 397
1 357
4 448
7 963
6 605
7 65
9 367
7 165
3 340
4 918
1 72
1 404
7 731
6 138
0 599
3 714
0 990
2 91
5 699
5 400
1 603
8 60
3 462
2 433
8 849
9 523
0 709
6 717
8 10
8 994
6 768
5 294
8 778
6 574
8 820
9 159
6 439
2 773
3 136
9 774
2 246
5 596
6 603
3 776
7 857
6 602
3 475
2 762
1 663
8 799
2 1000
2 285
5 869
1 719
1 955
5 679
3 479
0 536
5 276
5 385
7 79
8 137
6 264
5 187
1 614
9 98
3 635
5 431
8 132
0 507
0 333
6 667
8 150
5 274
4 204
0 940
5 27
3 219
0 45
0 217
3 82
8 963
3 79
6 910
1 924
0 678
4 983
8 449
7 929
9 939
6 72
2 106
9 334
4 390
5 112
1 729
9 994
7 292
5 464
4 665
4 999
1 334
5 758
4 803
4 196
8 509
7 1000
4 58
8 321
7 403
8 126
7 317
2 202
1 882
4 501
9 434
4 269
9 479
1 241
6 403
2 402
6 396
8 216
8 425
2 973
4 660
8 29
1 217
0 276
0 277
0 25
5 966
1 170
7 702
3 105
0 849
1 706
8 599
9 769
9 840
4 231
5 840
7 857
5 181
1 226
4 290
9 861
7 236
8 390
7 131
2 732
0 694
7 604
6 740
8 6
2 804
2 458
5 188
6 79
1 829
9 208
0 248
6 64
3 789
6 803
8 641
1 280
4 352
8 316
9 947
8 360
0 250
4 773
2 513
9 497
2 539
0 150
1 464
4 341
3 359
8 864
2 58
3 23
2 718
1 191
1 662
7 485
2 749
1 39
6 491
9 293
3 933
2 196
9 348
1 339
2 371
1 397
3 36
5 529
9 450
1 489
0 341
5 404
2 923
0 732
9 361
6 132
2 849
9 379
9 555
0 594
5 611
8 735
7 791
8 472
4 53
0 43
7 625
0 174
4 581
7 650
3 311
8 925
6 800
3 737
0 713
8 661
7 701
6 351
5 39
3 733
3 473
0 177
1 913
4 335
5 638
1 816
9 147
8 799
9 735
4 683
6 246
5 460
5 429
0 129
7 323
4 943
0 327
6 275
6 471
2 113
6 976
2 747
5 360
4 761
5 152
5 922
4 476
9 345
5 883
2 755
4 25
6 72
2 816
8 663
5 338
4 465
8 85
0 817
2 829
1 920
4 710
3 378
9 913
3 162
3 578
9 70
6 303
5 336
0 180
3 476
8 465
3 212
6 843
1 376
8 987
0 651
1 827
6 262
7 133
4 914
8 30
3 4
1 817
7 523
7 720
3 896
0 629
6 115
1 827
0 523
4 786
6 198
6 584
5 40
5 575
8 117
5 318
2 319
2 844
1 822
4 530
1 438
2 515
5 702
8 734
4 844
8 779
9 822
5 193
9 769
0 887
9 444
1 389
5 28
7 295
9 485
3 949
9 55
1 165
2 495
4 671
6 108
2 70
8 502
6 862
4 412
9 538
3 642
9 309
0 849
8 902
9 501
3 947
1 312
7 312
7 701
7 836
6 122
1 118
0 860
9 276
5 108
0 817
3 430
0 801
5 111
4 301
4 241
7 858
3 49
4 741
6 842
6 248
2 172
2 970
8 416
9 683
1 749
5 965
1 5
9 146
9 848
5 418
4 385
2 22
9 134
2 874
1 29
2 11
9 558
9 923
9 225
4 498
1 795
1 842
8 297
3 297
8 815
1 233
3 681
6 323
5 709
2 171
0 698
3 630
5 853
8 920
4 848
9 431
3 950
1 823
4 640
1 391
6 524
1 344
0 259
6 400
8 935
6 397
8 134
0 268
4 960
0 445
3 985
7 830
2 529
0 871
6 151
5 3
6 265
5 260
4 86
5 873
3 612
4 343
1 677
7 422
5 489
6 133
9 814
8 788
2 686
4 891
4 609
2 894
5 623
8 779
3 504
7 729
5 301
3 551
7 374
3 613
0 220
6 26
5 781
4 65
8 162
8 994
9 230
2 716
0 731
9 251
6 836
5 39
9 743
1 804
8 252
5 669
8 543
1 195
9 891
0 480
8 597
0 204
3 741
5 370
7 104
1 85
2 601
8 456
4 94
1 149
8 366
5 509
0 895
9 923
7 345
0 527
2 565
5 458
7 652
2 156
6 139
0 76
0 746
1 464
0 482
2 877
2 812
4 446
8 469
6 180
7 460
5 135
9 439
6 711
1 802
3 917
4 799
8 61
3 215
6 74
4 828
4 925
9 25
3 35
6 429
7 689
0 614
4 294
5 799
7 213
2 563
7 922
5 813
8 286
7 197
5 104
4 692
2 44
0 88
5 903
8 677
9 96
9 105
9 723
7 85
4 575
0 64
0 390
1 168
9 284
2 417
2 770
6 106
4 517
3 275
2 712
6 700
2 932
8 889
4 89
2 589
6 312
5 850
3 911
7 758
5 763
9 273
0 975
5 728
1 264
6 910
1 644
8 164
0 104
9 919
3 407
6 858
8 540
8 801
7 105
4 25
8 733
3 782
0 57
5 888
8 201
8 989
3 96
7 109
6 896
1 84
0 224
2 401
8 30
9 905
1 759
0 694
0 918
1 579
2 674
5 296
9 644
2 409
3 818
9 321
8 235
2 705
7 728
8 223
0 997
2 584
5 747
4 937
8 443
2 328
4 363
4 682
5 289
8 437
1 299
0 509
1 162
2 684
0 699
7 338
2 414
3 140
4 580
8 514
4 973
6 829
0 537
6 342
2 982
7 313
6 226
4 194
4 416
2 659
7 474
8 500
1 609
9 738
2 407
4 901
2 164
9 405
4 310
0 217
2 906
1 952
9 43
1 900
2 714
2 955
5 246
2 766
6 785
6 424
5 135
9 642
6 434
2 0
6 173
8 726
4 128
0 590
6 514
0 321
5 738
1 415
7 420
9 219
8 375
5 467
2 657
3 500
6 535
8 216
1 788
5 166
9 309
2 87
9 316
6 741
7 64
9 418
4 717
9 760
0 970
9 983
4 716
1 788
1 362
6 649
0 636
4 756
9 952
9 148
4 632
7 11
8 734
0 561
9 756
0 232
8 928
4 421
8 386
4 585
6 903
6 278
2 739
2 554
2 567
2 338
1 590
9 966
0 468
7 774
3 227
1 18
1 911
4 178
2 339
0 425
1 377
9 851
2 427
9 186
7 105
2 573
5 564
2 398
5 445
7 636
1 559
9 207
6 94
3 456
8 529
0 745
4 274
5 711
5 689
4 385
8 112
4 869
0 567
1 398
0 820
5 374
7 689
5 537
4 657
5 596
3 255
1 781
6 626
8 921
6 78
7 799
1 333
2 867
0 314
0 913
3 989
3 511
4 248
7 149
8 422
0 780
9 466
4 205
2 741
9 95
9 811
7 700
0 942
4 735
4 521
5 389
2 313
0 877
9 328
4 155
3 151
4 426
8 875
0 398
6 828
3 816
9 768
7 163
9 81
5 654
8 925
2 491
3 323
9 489
4 83
5 401
0 960
2 541
3 529
3 830
5 812
7 686
6 160
7 978
0 436
2 914
6 364
1 287
3 772
5 28
9 801
0 88
3 636
2 283
9 948
5 212
3 758
1 719
9 126
0 539
2 708
0 302
0 857
1 449
6 746
6 172
8 286
9 305
0 269
9 468
8 391
8 355
1 648
4 447
0 460
4 25
0 128
3 239
0 606
8 683
2 546
6 587
0 495
3 445
8 170
4 360
1 973
9 90
4 789
5 83
1 214
8 416
6 816
3 398
0 414
7 153
6 626
7 483
0 322
2 575
7 530
6 743
3 650
3 502
2 61
5 377
0 383
4 998
9 519
7 309
9 166
5 583
3 893
7 602
7 373
5 396
9 111
5 785
8 662
5 580
9 561
5 378
6 821
2 832
9 151
5 653
0 293
8 799
7 682
9 399
6 577
1 648
6 624
4 520
9 409
9 79
2 127
2 604
8 523
4 668
8 266
0 682
4 246
3 435
6 572
9 982
9 319
4 217
0 752
5 299
3 216
2 510
3 835
6 292
2 549
1 413
3 971
0 64
4 265
4 834
9 24
6 366
5 825
7 667
6 9
8 116
8 33
6 259
6 430
6 296
6 201
2 483
3 494
3 768
9 738
1 977
2 105
7 795
2 615
8 195
8 116
9 229
1 628
3 398
0 730
0 726
0 93
1 482
6 136
4 35
4 850
6 635
5 43
7 265
0 581
0 662
4 152
9 918
7 380
4 217
3 700
9 731
9 532
9 69
8 152
3 542
1 497
1 27
7 987
8 579
6 444
9 646
1 822
7 66
3 569
3 692
9 607
1 441
6 14
6 496
6 995
9 549
3 595
8 412
4 869
9 839
8 611
3 599
2 738
3 705
6 328
4 264
0 508
8 763
8 905
4 689
8 987
6 80
1 504
4 853
5 863
7 65
9 175
6 286
3 709
8 909
7 77
9 352
0 567
7 108
3 754
7 59
9 415
6 11
2 321
7 671
8 555
4 37
7 780
8 332
1 695
4 906
2 102
9 358
0 61
3 830
1 643
7 246
9 719
5 356
6 812
2 604
0 143
4 476
8 344
0 101
3 428
1 812
9 954
2 889
0 15
6 211
1 296
8 716
9 94
4 435
9 789
6 652
4 59
8 236
6 315
5 132
4 34
1 653
0 183
6 73
2 949
8 857
9 431
4 640
0 23
0 812
7 803
0 125
8 972
6 646
9 388
0 410
2 793
1 791
7 604
7 174
3 148
5 178
1 983
2 485
2 583
3 508
0 451
4 628
5 684
7 399
6 741
2 875
9 873
2 199
4 219
1 409
4 784
9 326
0 95
2 461
8 799
3 753
3 983
9 671
0 343
7 119
5 570
6 998
5 39
6 608
8 950
6 315
5 294
4 188
3 833
9 447
6 1000
1 260
2 270
2 28
8 692
2 78
0 522
1 393
8 963
7 509
8 708
5 25
3 845
1 772
0 243
9 689
5 109
9 915
3 571
5 373
4 161
0 904
9 217
3 624
2 987
0 471
8 646
5 77
6 400
2 548
7 448
4 576
7 877
3 317
9 813
6 89
9 832
1 36
9 979
9 918
8 482
5 349
6 575
3 999
7 346
1 307
1 473
2 732
2 62
1 486
7 428
7 920
6 257
8 688
6 306
1 891
9 684
8 606
9 737
3 923
0 841
5 566
4 493
2 43
5 35
2 811
5 485
1 103
0 377
0 358
0 86
7 161
2 558
9 98
0 752
8 66
1 631
5 286
4 930
6 368
7 238
4 810
9 290
7 846
0 84
2 39
3 832
3 11
9 659
6 374
9 821
0 693
3 763
8 574
7 998
0 729
4 502
8 649
5 831
7 148
6 387
7 777
0 388
6 988
5 588
1 838
4 182
7 860
9 889
8 708
3 447
2 811
9 664
5 430
9 643
1 100
3 765
7 628
1 354
7 270
0 357
3 41
1 17
5 555
0 715
0 481
6 389
7 800
6 441
2 237
6 497
5 184
4 904
9 796
9 809
3 581
8 554
8 85
2 212
6 477
9 592
2 469
3 940
5 414
4 188
9 536
4 369
6 328
0 222
7 601
5 569
1 887
2 493
7 694
4 301
2 13
3 818
5 945
7 751
0 519
1 389
6 5
7 464
6 721
0 146
6 717
8 193
3 528
0 955
8 81
7 81
3 529
0 577
9 36
0 521
2 337
2 990
9 668
4 675
8 831
0 399
4 917
7 221
3 659
2 665
5 431
7 525
5 24
9 122
6 499
8 997
3 552
9 178
2 821
9 988
0 745
9 268
2 359
4 104
5 665
0 448
1 585
1 435
6 454
4 361
1 580
2 789
5 724
8 41
7 892
1 265
3 796
4 988
9 713
3 553
1 241
9 543
2 663
2 125
2 915
4 760
1 224
2 316
1 896
5 873
2 766
0 113
2 51
3 97
6 882
0 212
4 31
2 639
4 423
9 191
2 250
5 832
2 188
2 802
0 194
8 251
8 192
0 903
4 464
4 388
2 29
8 158
8 46
6 445
6 561
2 497
1 276
5 665
6 166
3 929
7 521
0 702
1 234
8 336
8 984
5 735
0 706
0 764
7 380
4 220
4 534
7 131
7 737
4 654
2 642
0 334
2 143
8 565
7 19
8 766
2 6
7 706
2 83
6 463
5 367
8 93
2 781
8 90
9 400
4 801
4 397
4 895
9 861
2 608
3 741
1 573
9 564
3 148
7 127
4 800
3 675
6 84
9 807
6 663
2 989
4 628
7 287
7 616
5 52
5 408
3 597
9 230
9 639
7 187
5 680
6 950
5 569
7 499
1 278
6 962
5 314
4 342
3 492
2 129
3 181
9 26
0 898
0 318
2 15
3 682
0 181
9 429
1 735
3 815
1 780
8 970
4 436
2 766
6 960
8 161
5 813
0 299
8 825
0 627
0 813
2 224
2 10
0 434
2 270
8 448
9 405
2 524
3 109
5 458
2 875
3 209
3 497
8 779
5 817
5 851
3 94
2 313
3 727
0 231
9 687
0 737
2 787
5 313
1 239
9 654
6 80
8 182
9 62
6 278
8 55
4 197
3 202
8 636
2 949
3 305
1 545
2 106
8 682
1 607
2 881
0 416
6 815
3 608
8 558
1 135
2 13
9 453
7 223
3 214
9 645
3 186
2 251
8 592
7 92
6 544
3 150
3 3
8 247
6 912
7 496
4 108
9 68
7 795
4 30
8 534
1 528
9 245
9 394
7 401
1 727
9 530
4 285
8 221
2 144
1 27
6 178
0 530
1 77
7 609
4 23
2 162
7 244
0 710
2 245
4 504
3 436
0 538
1 257
3 254
4 581
4 731
2 107
3 75
8 966
4 672
7 208
7 229
1 932
2 780
6 739
7 528
5 698
2 587
9 204
1 45
3 812
8 614
4 417
2 483
3 755
6 370
4 369
7 104
4 227
0 548
0 237
6 831
8 522
6 269
7 638
3 892
7 781
9 749
7 885
7 960
9 767
3 982
0 618
2 507
5 349
9 500
6 820
5 211
6 128
6 448
2 485
8 907
4 534
3 843
0 577
4 128
8 821
8 860
2 886
7 663
7 110
5 822
3 184
9 962
6 203
5 769
8 438
2 644
3 330
6 462
9 669
7 631
0 390
0 308
0 237
2 511
5 134
2 659
3 745
8 10
1 720
2 327
0 454
4 200
5 528
1 71
1 943
6 377
7 573
6 298
3 656
6 849
9 831
9 488
4 507
4 214
4 969
6 765
5 892
0 587
2 7
8 307
3 359
7 662
1 368
0 433
5 459
7 194
5 168
6 246
5 562
6 592
0 381
5 642
3 391
8 72
0 576
1 37
3 62
6 558
7 350
2 836
2 652
6 169
7 402
0 184
7 255
3 183
3 202
7 289
8 744
6 992
4 741
4 946
9 109
3 614
8 874
8 338
9 169
2 34
2 613
3 916
3 375
9 194
9 614
5 861
4 535
1 58
0 262
7 458
8 577
7 210
9 902
9 665
5 55
7 713
9 297
9 227
0 416
3 630
9 595
2 459
3 32
5 785
0 591
6 355
6 4
7 617
2 113
6 357
0 360
6 217
7 387
6 710
9 556
2 214
1 209
6 970
1 570
1 226
8 686
4 327
2 837
4 978
9 605
3 499
6 94
3 1
7 851
6 665
2 120
9 246
8 241
1 262
0 349
4 971
9 760
9 415
1 621
7 927
6 107
3 570
2 522
1 62
8 663
0 468
9 296
8 113
6 619
8 348
2 553
1 692
3 306
7 290
5 880
7 843
9 22
7 878
9 675
4 606
9 48
1 120
5 477
7 572
1 989
4 753
1 930
0 235
5 241
3 543
6 431
4 798
3 489
0 377
3 997
3 190
3 55
2 78
8 615
4 317
0 261
6 836
5 204
0 806
8 285
2 947
8 425
3 550
0 110
9 767
1 600
0 841
0 648
7 568
6 259
9 557
3 645
1 400
6 843
8 364
9 555
0 223
1 746
4 583
0 80
0 342
7 996
2 24
5 481
6 597
4 167
3 951
5 926
5 731
9 247
9 585
9 95
1 471
4 962
5 76
8 92
1 411
9 981
5 111
4 718
1 893
2 241
7 767
2 574
2 624
9 281
4 312
2 87
4 908
3 526
4 780
8 783
1 86
9 5
4 225
1 596
4 678
3 340
3 384
4 941
9 735
7 597
9 289
2 210
0 112
4 561
9 735
0 462
1 798
8 709
8 571
5 830
2 521
4 383
4 774
3 603
9 235
0 246
3 263
1 411
0 883
0 957
9 5
1 819
4 265
8 515
2 521
7 465
3 895
4 637
2 861
5 176
1 128
1 310
0 569
0 456
9 383
2 449
3 210
1 572
7 485
4 692
5 812
9 429
2 694
0 373
3 996
0 341
2 42
1 896
6 62
8 443
6 144
6 213
8 850
1 210
9 252
0 722
6 439
5 459
6 906
9 68
2 762
6 405
4 440
3 105
5 31
8 327
4 821
1 911
4 706
0 385
9 403
0 711
3 947
8 356
2 692
1 133
9 904
2 638
1 218
6 536
7 672
8 806
3 784
6 853
6 217
3 137
3 34
5 533
0 708
8 523
5 693
0 924
3 885
2 940
1 685
3 43
6 718
4 229
5 255
0 682
0 9
4 472
9 357
2 714
5 584
8 535
6 894
6 563
3 400
6 571
0 357
7 822
3 463
7 267
3 823
6 880
2 457
1 255
0 737
5 260
7 897
9 288
3 634
6 948
8 734
3 498
2 132
5 546
3 61
7 2
3 451
2 96
6 304
1 413
8 10
5 51
3 538
1 76
4 261
6 585
2 233
2 465
4 403
3 651
6 204
6 728
8 606
0 945
5 175
5 640
4 100
2 473
9 411
6 500
5 263
9 356
8 167
3 552
6 904
3 414
9 235
6 143
1 966
4 130
2 825
1 397
5 843
5 253
2 108
2 616
0 527
7 558
9 864
4 645
9 692
0 565
9 892
9 148
7 176
9 68
8 430
9 306
9 334
1 215
0 1
2 194
9 183
3 913
4 242
6 504
0 617
5 242
6 847
2 745
0 49
4 404
9 968
5 751
0 959
3 124
2 487
7 177
9 761
4 97
3 338
8 628
0 49
6 843
9 950
2 609
5 781
2 168
2 102
4 740
7 266
6 400
6 872
5 804
9 47
8 16
3 191
9 720
1 513
1 826
8 530
5 842
0 136
1 748
9 310
8 989
8 731
8 18
2 346
2 616
4 722
7 469
9 275
2 533
6 441
6 320
9 483
4 971
2 863
5 238
5 896
0 748
9 305
0 609
1 278
7 425
6 546
6 293
3 462
0 679
6 875
0 563
3 161
8 358
1 632
2 576
0 513
4 533
1 469
5 540
9 56
4 437
8 548
3 804
3 245
7 603
6 172
6 549
5 79
7 737
1 192
7 928
2 15
2 595
9 293
1 231
3 99
6 332
8 778
8 37
7 1000
0 523
4 187
4 194
2 668
8 668
3 623
6 637
0 746
4 812
8 365
0 769
1 781
6 182
0 927
2 271
2 550
4 787
0 246
0 694
5 982
9 154
7 646
0 622
6 712
9 811
2 547
0 612
0 370
5 886
3 13
2 603
2 331
5 991
0 751
9 180
6 735
7 717
4 506
3 152
4 152
9 366
5 923
2 718
9 772
9 660
8 140
1 728
0 31
7 738
3 782
7 895
6 633
5 277
4 639
5 428
4 773
5 491
7 461
7 678
7 191
9 397
2 289
2 492
8 914
5 483
6 528
3 592
9 678
7 370
0 989
2 108
8 281
8 146
9 187
1 665
6 852
6 400
5 568
4 843
9 502
8 867
6 393
2 260
4 17
1 77
3 118
3 457
7 164
8 142
0 808
3 420
5 249
8 181
1 91
4 989
6 729
8 312
8 3
2 573
0 894
8 717
3 526
7 101
6 157
7 422
8 431
5 314
5 41
3 187
1 899
7 726
2 720
4 439
8 991
4 435
3 352
5 276
8 706
0 948
0 311
2 517
2 591
1 111
5 16
6 765
5 473
8 233
0 908
0 607
0 755
2 162
9 883
4 364
1 506
5 140
6 61
0 248
0 179
9 975
9 348
4 491
0 919
3 394
4 467
4 795
0 732
4 17
5 85
3 583
7 763
0 788
9 71
5 166
7 776
8 135
2 569
2 634
7 731
5 693
3 719
0 108
7 135
8 446
6 887
3 192
2 442
8 163
8 706
6 763
0 159
5 294
0 906
4 905
9 336
1 524
3 776
9 887
7 448
7 511
1 741
9 674
8 63
0 386
3 857
8 940
4 428
7 434
5 541
4 349
5 317
8 623
8 195
4 383
6 912
2 667
6 978
4 215
1 869
6 499
6 131
9 121
0 51
8 963
1 275
1 469
9 184
0 755
0 981
4 712
9 411
6 234
0 99
5 809
0 431
7 73
6 125
0 501
4 440
3 459
3 465
5 687
7 400
2 408
3 959
6 653
8 878
2 829
9 716
2 325
9 325
8 89
6 593
4 7
9 744
0 128
4 465
0 547
4 637
1 625
1 454
2 35
4 544
0 690
3 192
4 97
1 103
1 348
3 467
4 418
5 202
9 800
6 742
4 912
2 682
2 353
5 504
7 158
2 944
4 308
1 862
0 342
3 972
6 350
1 427
0 30
6 695
8 677
9 867
5 194
0 124
9 375
5 627
8 367
5 380
4 395
2 150
2 897
0 808
3 250
8 395
0 244
4 801
1 907
3 198
7 596
7 29
0 332
4 503
9 606
2 754
9 815
1 808
4 24
2 27
5 230
3 936
9 894
7 84
5 784
1 281
5 296
2 350
3 346
5 16
7 116
1 22
6 363
9 21
7 136
9 352
4 161
1 221
0 714
8 235
1 278
9 567
3 207
4 272
9 149
1 576
1 748
6 886
6 118
9 188
1 336
8 311
2 208
3 623
1 527
2 109
5 754
3 450
7 282
5 585
2 701
7 387
3 448
5 249
5 250
7 511
5 358
4 154
0 43
6 178
3 324
9 757
3 964
9 419
3 309
1 58
4 854
2 149
7 98
3 868
6 216
0 315
8 891
3 139
4 936
3 886
9 296
9 27
8 919
7 886
4 139
8 238
0 79
2 984
2 165
0 907
6 611
1 955
7 381
7 816
5 793
2 266
7 413
1 37
2 119
8 560
8 247
1 631
3 565
5 885
9 847
3 111
8 703
6 338
1 230
0 782
9 235
5 801
8 722
4 671
6 142
8 170
3 408
4 96
6 105
3 392
9 461
7 98
5 950
5 629
0 281
6 893
2 838
8 855
9 221
2 781
8 445
3 133
5 441
2 515
1 209
0 879
4 791
0 214
2 795
5 610
8 633
2 972
7 885
3 720
5 41
6 850
0 831
1 720
1 902
8 199
8 833
6 161
6 745
1 53
9 909
1 304
2 545
9 702
8 793
7 606
2 993
1 391
7 819
8 786
5 36
4 211
7 752
8 181
1 438
5 35
0 277
9 577
4 306
3 632
7 81
9 312
6 73
4 587
4 815
3 994
2 46
9 409
1 577
6 986
8 515
7 50
1 741
2 614
0 596
3 525
8 863
9 441
5 231
9 209
7 90
5 276
3 96
1 315
3 965
1 377
4 702
2 271
8 435
5 560
2 200
9 88
4 612
6 379
3 246
3 268
1 170
4 163
3 609
3 630
7 469
1 743
5 815
1 683
2 588
5 971
0 17
7 231
3 587
7 853
3 579
1 860
2 45
1 15
5 190
4 918
3 343
7 900
3 364
4 97
8 515
4 120
6 816
6 852
0 652
1 615
4 514
8 979
0 186
4 904
8 20
9 106
0 171
4 901
7 970
2 178
1 755
5 707
3 650
2 352
7 261
6 221
7 441
0 24
9 574
4 75
6 438
5 337
2 878
3 836
1 616
7 21
5 1
2 321
8 976
3 332
7 641
8 701
8 133
4 780
6 342
1 682
6 727
3 771
7 637
0 832
5 1000
0 695
3 961
2 32
9 379
0 171
8 608
6 172
1 978
8 137
3 807
5 480
9 218
2 517
7 236
6 488
3 581
4 617
4 889
2 476
3 703
4 668
4 900
1 741
5 481
7 886
5 387
2 200
3 997
3 150
9 446
3 849
8 201
2 568
6 113
8 427
9 71
1 817
7 624
3 537
8 126
4 773
5 169
7 809
4 381
8 88
2 977
0 544
1 92
5 337
1 847
8 403
1 549
0 269
6 467
2 659
7 919
7 797
8 94
2 944
9 253
9 993
6 349
4 788
8 338
8 28
6 579
4 483
9 30
8 682
1 247
4 781
9 461
5 944
0 872
3 411
2 299
1 44
9 630
2 780
6 336
7 533
0 619
2 424
9 457
8 528
2 826
0 250
4 266
3 222
5 461
6 262
4 727
0 98
5 518
0 14
6 66
8 459
2 943
7 715
2 678
1 483
8 932
9 480
9 618
0 24
1 25
4 529
9 973
0 799
1 194
0 344
0 740
5 636
1 686
6 461
8 974
1 557
2 368
2 482
6 809
8 754
3 483
7 277
2 909
9 946
1 269
3 53
0 782
6 71
3 420
0 211
3 857
1 368
5 875
0 900
2 45
3 207
4 626
0 674
3 250
3 328
0 288
7 908
7 761
9 608
1 892
6 954
2 657
3 353
5 170
0 904
8 286
5 434
9 976
3 137
6 416
8 124
5 226
3 844
3 391
5 547
1 960
2 101
4 511
4 527
3 396
1 277
3 923
7 285
5 508
8 814
7 267
1 698
5 350
9 861
7 993
5 94
0 598
6 949
7 649
6 480
8 286
5 418
7 157
7 106
4 815
5 969
5 547
0 955
1 206
1 19
5 913
2 221
9 309
2 308
3 24
9 383
9 234
6 519
9 503
0 436
2 925
9 779
2 760
0 59
0 238
6 545
2 882
3 350
3 625
8 529
6 827
0 651
3 403
6 833
2 485
8 604
2 363
6 571
0 806
4 780
1 88
8 575
3 90
7 541
7 965
4 54
4 672
4 542
1 565
5 670
9 334
1 839
5 346
0 510
7 420
0 576
7 304
7 860
1 767
0 489
2 160
7 521
1 629
0 286
3 128
9 623
1 610
7 539
4 562
7 487
4 28
4 871
7 905
5 106
8 511
0 91
1 520
0 883
0 365
6 723
8 814
0 25
0 187
9 68
9 995
9 111
6 309
0 736
7 402
5 574
4 818
7 964
2 967
0 867
1 704
9 896
8 314
1 631
1 867
6 941
1 945
9 573
9 724
6 847
6 531
4 418
6 465
8 66
4 917
4 835
8 902
6 827
7 31
8 407
2 847
3 758
0 89
5 735
4 329
0 318
2 382
1 899
1 807
2 969
9 587
2 32
4 223
8 83
8 697
4 152
3 219
3 24
5 621
9 812
2 720
0 500
8 556
7 639
5 743
8 466
8 791
7 197
9 738
8 958
6 462
7 668
4 400
5 679
3 831
1 661
6 0
3 32
7 630
8 989
2 659
2 392
7 333
5 462
6 561
7 195
8 219
5 83
8 936
4 19
7 633
2 698
0 222
1 569
7 91
3 915
8 702
5 889
6 587
7 795
8 459
9 550
2 234
0 677
7 84
6 6
3 67
3 730
5 815
4 831
8 236
7 35
6 433
5 662
8 273
8 547
0 827
4 791
4 109
4 301
3 544
9 291
9 702
1 590
9 700
2 111
4 237
7 563
7 760
4 379
8 60
4 144
2 712
0 328
7 783
2 394
7 627
0 628
6 396
6 534
8 18
8 721
3 171
6 615
9 888
7 653
6 609
7 215
0 422
0 831
8 863
0 220
8 600
6 197
3 756
4 471
4 756
7 720
0 164
9 237
9 18
1 380
8 377
9 328
0 829
0 383
5 764
6 561
3 451
1 49
7 870
0 670
2 402
3 623
5 104
5 999
9 440
2 129
7 974
0 686
4 306
0 874
3 362
6 123
3 264
4 709
6 74
5 139
6 148
6 733
3 313
9 755
9 800
2 951
7 722
1 956
5 395
4 787
2 334
8 259
1 464
7 422
3 35
0 704
5 13
4 125
9 549
0 460
8 835
0 502
0 426
9 273
4 356
8 958
7 350
3 979
3 874
0 732
7 652
8 783
1 563
2 62
1 168
1 840
9 312
6 248
4 178
9 630
5 271
7 916
7 184
5 816
3 985
2 657
0 673
6 371
7 38
3 727
3 335
9 590
0 598
8 766
8 49
6 1
8 362
8 321
6 190
0 294
3 374
4 190
9 80
8 663
1 685
7 706
1 646
1 357
8 823
8 711
8 588
4 882
4 8
5 877
0 720
4 63
2 812
1 831
4 195
0 391
6 882
4 281
9 772
8 152
8 832
8 156
7 955
4 59
7 621
4 541
7 797
5 124
1 929
3 190
1 447
3 694
4 367
4 928
6 994
4 422
3 632
2 243
7 997
4 619
9 930
3 958
9 144
9 24
0 727
0 886
0 795
8 574
4 935
8 990
8 580
6 442
9 680
7 177
8 369
2 983
4 335
4 404
8 403
7 241
2 642
1 684
4 87
8 978
5 448
2 330
3 68
0 619
8 147
0 113
2 972
4 885
2 416
3 476
8 717
1 639
2 225
4 866
6 270
9 714
3 500
9 436
2 506
1 5
0 231
9 240
8 905
5 890
6 413
3 830
2 464
6 560
0 480
5 381
6 959
2 158
1 519
9 717
5 28
6 57
6 531
4 533
3 112
7 136
1 478
7 35
8 814
1 320
7 401
9 734
6 486
6 508
7 866
2 409
7 638
1 534
9 144
9 985
8 178
6 161
9 776
4 598
9 172
0 572
6 619
2 933
5 887
3 489
5 45
8 336
1 745
9 542
0 316
6 525
8 336
1 150
6 883
7 80
4 357
5 318
1 648
9 461
8 71
1 667
3 919
9 490
4 252
8 241
8 247
6 61
7 451
6 74
6 651
2 770
4 496
7 673
7 28
5 58
2 154
4 906
8 417
3 735
3 116
0 236
7 121
1 636
9 199
1 977
4 554
0 547
3 524
9 574
6 734
8 31
2 737
9 960
7 713
7 512
5 740
5 883
8 116
1 814
8 609
5 546
6 226
8 593
7 2
2 682
3 179
6 314
5 720
0 450
0 348
5 952
0 781
2 639
1 41
0 903
7 242
7 503
7 230
7 598
4 643
0 350
1 372
6 119
3 318
9 214
9 912
3 445
8 689
1 279
1 226
4 761
2 9
6 316
6 739
6 854
4 883
9 585
6 247
4 726
2 653
5 923
3 485
2 638
5 831
5 284
0 169
9 214
0 998
5 418
2 133
8 808
1 164
6 650
5 786
9 668
7 5
3 384
4 337
3 354
5 8
0 915
0 372
1 356
7 349
3 486
2 426
8 879
3 376
5 382
6 904
0 981
0 710
5 90
2 456
8 905
2 463
5 332
2 637
9 585
6 843
2 539
9 53
6 238
7 945
3 972
8 50
9 138
8 697
9 497
9 52
0 998
0 600
0 731
3 708
4 603
4 75
1 198
9 248
0 248
4 438
1 112
0 861
5 629
1 859
0 400
4 908
4 807
9 417
9 435
5 232
5 55
2 560
7 125
8 381
9 381
4 282
9 687
3 433
2 390
3 132
6 583
8 568
6 237
6 306
1 800
3 90
4 535
6 800
8 147
3 724
1 689
9 21
2 839
1 71
8 436
3 399
4 934
7 788
0 642
0 223
6 11
1 987
2 653
5 897
7 656
1 18
8 315
5 100
5 185
0 764
2 65
3 20
7 510
4 239
6 973
3 282
2 465
6 220
7 435
9 608
4 426
8 125
3 356
8 275
1 778
7 543
3 272
5 221
4 751
2 623
5 923
7 707
3 244
6 886
0 733
8 771
7 809
3 589
2 502
2 86
0 283
1 812
3 882
8 26
7 182
2 45
8 625
4 873
6 368
7 548
5 941
6 949
4 595
8 294
1 783
1 756
3 9
7 1
1 289
9 214
9 57
6 957
4 702
5 240
1 276
0 551
0 797
5 345
6 417
2 868
5 711
0 646
9 880
0 301
8 54
1 20
2 465
0 173
8 495
8 616
0 893
1 367
6 46
7 461
2 732
3 734
8 642
0 853
7 406
9 70
1 49
4 953
8 66
1 60
1 229
1 712
9 223
7 882
4 861
4 112
8 50
6 725
5 605
3 284
0 111
9 161
6 444
6 364
1 619
7 451
8 790
8 40
5 311
8 662
4 644
0 144
2 0
9 457
7 827
0 306
7 94
0 788
8 961
2 428
5 265
6 118
9 111
6 448
4 771
8 975
7 575
0 489
9 678
9 871
6 687
6 823
3 334
1 700
5 452
3 565
4 387
8 153
7 531
4 301
1 401
1 96
5 84
0 241
3 221
3 337
3 979
7 70
7 461
1 298
5 588
5 701
7 235
6 855
9 836
6 448
8 812
2 593
4 819
2 728
6 635
1 639
8 916
9 617
8 478
0 979
7 467
6 422
0 223
1 157
7 502
4 676
0 839
3 279
3 792
3 388
6 763
2 420
4 425
1 53
3 331
9 39
0 91
9 499
0 808
4 754
0 952
7 3
9 387
6 138
1 981
5 295
6 933
3 420
0 132
5 330
0 885
8 952
4 521
3 672
9 797
6 329
9 545
4 920
7 305
4 801
3 964
9 27
8 190
2 633
8 991
4 166
7 22
1 232
1 257
8 563
5 709
4 183
9 914
7 566
0 850
0 504
3 842
4 88
1 49
4 735
9 373
2 606
4 708
1 630
1 431
1 399
5 83
2 774
5 64
6 906
5 395
2 106
5 322
3 958
7 605
2 101
9 592
6 64
1 925
4 645
9 576
0 876
2 6
3 35
6 988
6 365
8 41
1 308
6 46
4 114
4 648
4 9
4 994
1 920
9 147
7 964
1 297
5 71
4 177
4 755
1 739
3 927
0 971
5 523
0 190
3 358
0 233
0 457
0 131
0 836
8 630
0 692
9 328
7 611
6 250
5 50
4 174
7 148
2 902
4 852
8 689
9 309
8 267
6 839
4 833
2 56
0 163
9 79
2 892
3 376
2 55
8 511
9 93
6 756
1 20
9 156
1 507
1 320
2 921
4 242
9 523
3 906
1 427
0 867
1 675
4 149
6 359
4 341
9 9
2 136
2 393
2 738
1 447
9 53
4 907
4 501
0 284
6 806
2 81
9 719
3 606
0 867
7 909
0 417
7 994
1 637
7 536
7 977
1 121
6 731
2 706
3 148
1 328
8 80
7 316
0 546
1 47
5 267
8 0
7 253
1 617
9 70
4 644
0 516
5 148
4 173
8 859
2 534
7 656
5 977
8 103
8 274
9 625
3 176
2 915
6 308
3 8
5 64
5 497
6 106
4 516
0 498
8 982
2 943
2 336
3 299
6 131
7 970
8 804
6 761
4 574
7 629
2 828
8 614
1 272
0 969
5 380
8 544
4 188
3 689
0 94
1 963
9 941
3 361
0 767
1 842
6 881
6 302
4 163
8 32
9 16
1 295
2 157
2 448
6 705
4 870
4 505
7 405
6 144
5 880
4 268
6 942
7 192
0 546
9 540
7 862
2 269
7 643
4 375
2 462
9 298
1 259
3 545
0 249
0 810
0 981
4 540
8 225
3 547
6 468
1 39
5 23
9 867
0 115
6 136
6 702
0 289
0 929
7 314
6 904
0 996
6 892
5 496
9 958
5 578
3 820
2 826
3 997
5 198
6 623
8 379
1 149
3 975
5 502
7 945
2 102
1 979
4 476
4 800
9 207
3 930
1 66
4 249
0 136
1 174
4 853
3 464
0 911
1 770
1 107
0 197
6 654
3 893
1 341
9 634
2 140
6 646
2 7
1 960
5 723
4 592
4 66
8 266
8 875
1 79
8 440
5 881
4 142
0 604
3 535
0 412
7 180
2 572
1 642
4 330
7 44
9 629
0 358
7 87
0 621
2 904
1 132
7 845
1 937
4 138
9 65
3 146
5 988
8 432
0 940
7 374
5 63
1 785
6 589
7 343
8 418
7 270
0 720
8 206
3 252
9 127
9 966
1 252
1 372
3 963
6 826
0 677
6 30
0 691
2 23
1 828
9 661
4 372
2 902
4 727
8 613
3 851
9 507
4 911
8 476
3 572
9 901
9 571
8 399
2 549
8 675
3 244
4 855
9 406
5 885
5 981
3 676
6 455
4 624
5 752
1 929
0 472
5 952
2 759
0 684
5 844
0 755
9 384
3 394
4 745
8 302
5 846
9 937
7 540
4 355
0 730
5 996
0 112
2 934
7 989
8 559
3 666
8 610
8 612
7 910
3 352
5 152
9 879
3 187
1 28
3 400
7 516
4 650
5 33
3 881
0 891
9 233
6 443
0 676
2 917
0 792
7 796
5 155
3 723
7 783
0 575
0 200
2 268
8 409
4 123
2 12
7 729
3 641
3 469
0 606
5 592
3 654
8 342
2 752
3 842
0 506
1 407
5 507
7 246
5 667
7 205
9 454
3 305
0 485
7 102
5 851
2 178
8 772
1 694
6 966
0 438
0 952
9 868
2 210
2 64
1 863
9 626
8 583
4 102
2 86
0 538
8 588
8 821
7 927
7 574
9 741
1 53
6 547
8 531
0 414
7 704
3 244
3 974
0 951
1 274
0 660
2 353
4 528
7 989
5 379
6 36
4 954
6 191
0 700
0 637
6 697
3 771
6 360
5 147
5 200
9 728
8 614
8 488
5 945
7 977
2 728
7 823
3 793
9 562
8 807
8 987
7 229
0 825
0 191
3 280
3 464
5 631
8 87
6 600
3 595
6 45
9 970
2 385
6 954
9 946
2 836
3 644
1 69
6 34
1 822
0 31
5 321
6 53
4 781
9 131
9 919
3 79
8 115
4 341
0 100
3 519
5 598
4 692
3 321
1 617
3 40
9 428
0 310
2 460
1 824
3 156
8 148
3 630
5 79
5 22
6 637
8 807
8 393
2 592
7 914
0 547
9 547
1 696
9 836
7 638
9 437
6 401
9 100
8 538
1 382
0 49
5 100
3 944
5 43
9 589
2 435
6 291
3 801
3 529
8 142
8 986
4 340
9 544
7 797
2 310
3 642
8 578
5 215
6 306
0 747
8 906
9 721
7 854
7 874
7 847
7 929
4 975
3 598
9 89
4 290
2 954
8 448
8 744
6 743
0 302
2 635
3 51
6 785
4 566
5 357
0 54
9 625
8 934
0 928
5 618
2 111
4 529
2 793
9 603
9 13
8 404
0 493
3 3
4 740
3 626
3 672
6 71
2 400
8 520
3 408
9 235
5 88
8 460
9 727
9 796
9 348
1 78
2 35
8 808
6 650
0 252
7 805
7 309
2 710
3 912
3 346
2 327
1 601
2 696
0 230
0 448
4 71
9 418
9 607
4 263
2 39
8 959
0 219
0 428
5 476
9 737
0 176
3 947
5 231
3 485
0 513
5 38
6 458
2 382
7 61
3 701
1 540
1 635
3 617
8 68
7 93
0 605
3 249
2 427
2 573
4 631
0 534
8 361
9 195
3 436
6 768
7 47
4 486
5 447
0 126
7 577
4 701
7 559
3 423
8 119
6 587
9 462
5 799
6 492
9 946
2 941
0 755
7 401
0 741
5 724
7 53
2 466
2 482
2 394
3 701
5 280
5 644
8 479
6 255
9 817
6 279
1 604
5 816
5 965
3 543
0 113
5 679
3 40
6 985
9 445
7 639
0 44
2 157
9 796
5 184
4 304
3 750
2 187
8 293
1 812
3 220
3 121
8 574
0 749
5 978
7 625
7 608
1 278
0 882
0 559
0 67
0 220
5 841
6 72
7 940
8 659
1 188
0 748
1 13
7 10
5 69
2 296
3 994
6 823
5 28
0 632
4 624
3 913
8 639
5 598
9 248
7 117
4 108
3 578
4 741
5 802
6 604
4 487
5 361
3 854
8 381
8 175
6 717
3 469
3 452
1 314
2 395
8 516
0 987
6 314
3 373
3 227
4 903
2 955
9 403
0 343
3 983
1 479
4 987
8 125
6 85
5 829
2 560
1 363
6 129
8 654
4 172
2 168
3 284
7 28
2 931
2 161
1 270
7 683
2 968
7 386
8 937
3 223
6 249
6 423
4 644
6 880
8 647
8 891
5 171
5 308
8 361
5 85
5 799
8 578
1 576
0 819
0 178
4 390
7 9
2 496
5 580
4 469
9 113
8 848
3 349
6 767
5 314
4 31
8 310
0 878
0 573
2 780
3 119
8 558
7 672
8 471
1 119
2 859
2 681
8 898
7 551
0 740
9 896
3 667
8 69
1 473
5 621
0 773
2 111
2 248
5 765
8 415
8 350
0 497
2 669
7 750
5 748
3 154
3 640
8 539
3 745
4 732
5 954
8 486
7 216
0 538
8 835
0 245
0 606
0 595
0 826
3 874
6 905
6 596
5 538
4 634
4 527
9 338
5 561
8 235
4 630
8 828
9 105
0 28
0 504
5 675
9 37
2 592
9 956
0 867
3 13
6 156
5 556
0 20
7 699
8 964
1 409
4 172
6 864
4 916
9 894
3 387
0 209
8 253
4 167
5 348
5 310
9 720
9 689
7 673
0 377
9 787
4 427
4 681
2 540
3 39
9 568
3 745
2 95
0 632
4 808
8 823
1 865
4 984
0 664
8 321
2 982
4 206
3 756
3 771
0 174
2 109
5 616
1 208
9 232
8 44
1 511
4 157
4 100
4 619
7 176
9 875
3 427
1 948
5 348
5 549
4 598
8 954
5 892
1 305
5 693
9 164
5 908
0 959
8 152
8 842
0 897
8 176
2 486
2 887
7 912
6 46
9 783
4 413
6 543
0 488
6 138
1 509
6 664
6 433
9 735
2 834
6 680
5 335
3 204
0 381
0 346
3 315
5 498
7 492
7 517
7 656
0 322
9 391
2 12
4 491
6 479
3 758
1 716
4 395
9 694
4 416
5 584
3 858
1 840
6 813
0 711
5 702
7 13
0 709
4 987
3 462
4 905
4 314
7 693
2 921
7 175
3 426
8 67
7 530
7 13
9 954
1 191
1 447
4 818
2 920
9 44
3 269
4 290
3 259
0 673
5 369
5 516
2 987
4 148
5 871
5 549
6 576
5 550
9 634
2 868
2 172
6 314
0 552
6 405
7 277
2 371
9 305
2 511
4 850
3 497
4 511
0 616
8 165
9 490
7 533
8 732
6 651
6 837
0 30
3 393
1 8
5 23
6 30
4 294
7 883
6 982
9 217
4 862
3 762
5 252
9 89
9 690
2 410
3 322
0 457
5 437
3 169
6 158
9 684
3 771
1 624
1 340
9 38
9 293
3 934
5 785
4 219
9 143
4 381
3 759
0 871
0 684
3 345
8 931
2 675
1 975
5 833
7 209
2 206
9 360
5 738
0 543
2 310
9 275
5 150
3 219
5 919
4 752
5 126
2 672
6 763
2 170
0 962
7 465
7 572
2 688
2 660
5 957
6 916
2 41
9 265
1 777
2 544
4 828
8 590
4 542
5 146
7 637
7 781
4 655
1 617
3 353
0 572
9 627
4 231
0 934
9 618
0 61
8 619
9 903
5 388
2 251
4 846
2 21
6 680
3 360
4 709
3 953
5 402
5 839
6 937
7 821
0 863
0 788
5 770
7 379
7 825
5 763
1 208
0 987
5 842
8 254
1 439
8 902
8 476
2 165
2 202
4 347
8 557
2 545
