1000
78 335
45 278
27 554
30 874
60 812
84 706
88 721
36 879
77 574
15 632
80 102
94 249
8 523
1 898
50 927
57 784
15 315
0 617
36 933
27 155
27 417
24 361
56 436
80 948
1 848
97 728
74 778
37 892
8 738
69 904
42 368
91 617
84 128
99 933
74 103
21 494
41 639
21 349
9 785
83 775
49 255
95 963
25 860
10 714
23 332
95 953
9 685
75 764
30 182
17 564
5 475
9 186
35 603
97 569
37 211
6 399
13 535
14 189
87 595
23 683
59 590
28 7
5 894
65 778
31 848
91 741
21 779
35 817
36 152
53 148
65 418
63 210
65 289
69 37
57 682
67 191
11 735
36 236
51 660
56 83
84 425
23 520
5 442
65 966
43 101
18 28
82 733
90 161
63 328
52 286
52 609
37 663
66 366
36 352
27 984
56 914
97 951
20 993
90 149
95 366
8 143
45 459
98 634
89 587
95 509
86 42
12 41
66 843
0 985
1 814
0 630
42 65
89 540
51 352
52 397
64 629
63 804
54 105
96 87
27 779
37 565
42 405
40 216
32 394
12 131
20 858
95 624
61 722
77 362
15 232
10 483
93 679
92 328
86 413
42 475
32 702
30 703
33 26
83 734
11 810
51 317
11 7
97 281
82 174
36 183
7 782
80 957
71 642
99 934
12 80
75 627
73 829
71 579
76 629
24 656
6 868
74 797
25 985
94 985
98 100
56 255
29 834
10 722
60 877
62 220
4 443
69 739
44 866
40 198
98 319
64 624
43 207
26 442
62 568
27 351
2 284
19 930
23 508
36 973
91 686
7 31
88 419
29 781
68 777
9 160
85 523
75 354
63 584
0 612
25 913
39 509
14 950
15 384
39 469
72 222
54 930
30 663
8 714
79 13
80 803
99 968
65 647
45 436
80 807
58 762
24 701
86 295
7 779
79 487
57 726
82 782
83 964
5 693
76 960
23 858
76 570
74 468
50 836
74 828
69 951
88 51
82 931
88 681
80 406
40 337
71 878
0 476
91 945
49 207
42 566
75 45
95 580
16 42
25 106
80 439
26 531
43 88
47 217
2 551
99 628
16 445
69 698
76 726
73 471
79 616
49 378
90 552
60 865
94 755
48 536
83 718
95 373
35 217
58 957
21 595
31 347
31 159
57 31
64 757
36 197
98 919
2 723
34 224
46 446
99 248
7 552
20 738
60 152
96 896
96 413
31 763
10 601
32 184
73 186
98 825
92 2
47 650
36 284
8 2
66 232
80 401
93 597
28 398
60 784
28 929
46 164
88 337
74 303
76 87
22 843
9 563
22 34
61 951
42 776
44 739
81 584
34 481
29 969
32 620
40 864
49 639
73 929
47 793
11 567
47 101
50 481
99 635
17 257
87 214
34 228
72 421
60 784
93 683
21 781
30 194
91 540
4 672
70 188
15 771
79 724
18 545
24 607
7 99
82 454
57 586
30 648
35 185
39 599
80 873
10 551
26 714
95 279
17 940
38 229
50 603
48 963
99 537
37 16
17 122
5 330
87 843
55 95
26 98
7 276
8 764
74 418
19 607
21 242
86 545
21 638
28 804
56 985
45 550
38 356
65 471
89 761
83 44
79 722
92 931
20 495
55 514
38 861
15 300
15 47
18 954
89 683
10 666
79 477
91 668
70 577
65 901
60 833
57 885
9 778
81 932
49 199
28 876
15 255
99 233
97 711
19 368
68 324
84 61
36 248
17 14
83 248
67 854
34 550
39 324
25 933
77 981
10 390
13 572
54 411
56 18
34 681
42 206
8 420
2 496
6 376
51 875
57 115
38 394
46 846
86 372
50 353
97 600
26 898
86 459
27 356
35 121
73 864
16 732
9 975
25 333
41 427
9 665
99 315
89 897
29 157
69 628
95 621
92 634
82 469
5 208
76 259
75 862
71 36
30 788
61 510
99 50
36 708
52 169
60 464
86 873
20 334
21 821
78 799
41 545
47 236
74 92
88 462
24 1000
92 236
43 198
13 287
7 372
55 654
38 397
52 297
9 428
35 149
40 967
47 83
26 906
81 644
69 195
49 641
32 984
99 671
46 312
21 811
15 332
12 916
97 271
81 378
89 533
89 327
82 165
15 81
83 110
9 758
69 211
50 190
4 965
80 757
14 199
56 961
83 411
34 641
37 778
38 761
84 236
12 190
16 879
27 162
28 688
55 985
0 8
51 784
7 415
7 940
37 488
51 526
85 155
52 271
53 184
53 624
70 501
55 203
44 776
89 749
72 666
22 743
54 287
28 28
8 447
35 697
52 558
66 525
23 78
11 336
62 899
65 63
29 153
71 159
56 322
98 773
57 330
52 42
45 732
25 389
68 38
0 494
98 688
9 999
37 886
2 409
37 984
32 874
93 429
45 757
15 630
81 118
64 425
89 957
65 231
15 715
27 121
58 555
34 298
51 265
93 578
75 658
78 836
53 79
14 253
24 395
94 745
54 222
38 365
19 706
10 213
93 246
2 10
66 834
24 735
64 182
28 152
51 255
50 751
29 633
7 550
45 266
58 922
11 845
47 356
3 263
18 661
98 284
53 380
13 980
87 596
46 809
68 381
21 425
6 778
34 825
3 776
67 1
83 268
61 364
62 86
40 883
65 206
4 418
56 974
47 81
98 629
10 697
95 333
36 831
33 870
19 508
54 435
1 723
66 736
20 16
30 93
12 259
52 756
18 575
38 144
55 679
11 236
55 782
48 187
12 751
66 957
21 82
70 459
9 784
40 581
68 397
91 388
70 663
1 713
55 253
7 585
79 629
27 997
29 461
30 402
60 622
76 161
68 439
59 199
87 194
59 402
21 144
40 937
97 314
33 735
36 505
14 879
10 521
2 614
20 439
32 884
32 373
13 455
60 354
82 414
23 433
7 139
44 987
41 74
93 415
98 247
14 509
46 434
6 380
16 701
85 754
59 570
61 319
74 629
49 678
21 913
49 549
21 68
76 508
39 215
88 642
52 534
1 277
31 870
50 396
38 167
51 535
57 968
73 142
86 218
39 329
51 621
88 252
86 794
39 212
38 374
14 471
34 384
88 255
27 787
68 514
78 802
14 70
84 593
18 54
14 723
82 11
50 643
41 413
87 715
65 445
60 169
16 686
98 45
11 497
47 592
42 475
50 440
13 542
48 448
58 915
45 671
31 203
63 570
35 439
5 933
27 62
83 491
11 35
52 689
59 57
53 924
77 54
10 457
90 777
79 883
76 455
93 997
72 246
84 656
58 541
12 260
6 69
81 351
29 977
91 328
36 701
91 636
51 305
61 40
16 68
94 152
16 547
4 872
95 95
0 169
81 495
39 931
59 179
56 360
9 11
30 259
47 629
63 156
26 367
92 395
16 500
39 649
26 76
73 531
83 738
27 498
89 128
3 177
90 400
42 533
10 605
49 503
93 66
59 548
89 235
66 249
43 561
90 163
48 107
95 499
41 83
47 458
41 115
84 899
13 863
35 616
98 913
84 391
49 467
14 101
47 263
95 127
37 247
64 151
6 364
20 580
82 26
82 348
21 363
60 656
92 367
61 382
84 389
85 257
41 93
23 248
32 89
83 560
60 737
59 72
6 741
66 548
51 380
17 909
67 523
11 658
76 526
2 169
70 193
45 151
39 856
4 22
43 846
46 973
86 674
70 372
89 386
85 873
88 196
66 198
83 726
15 298
2 586
24 548
8 274
88 446
42 479
24 765
83 741
89 596
27 161
14 520
51 268
10 694
54 553
95 873
57 128
49 221
31 328
37 874
96 157
39 421
74 477
76 340
85 303
79 323
80 284
34 393
44 305
22 706
24 359
88 827
31 438
45 272
63 506
6 57
64 154
2 680
61 45
95 540
99 26
15 193
19 776
14 242
97 53
66 938
6 215
7 280
44 502
4 109
39 388
23 52
59 336
41 865
7 132
71 419
15 647
37 540
40 889
54 502
39 730
63 735
27 584
87 980
26 948
83 785
5 255
20 569
83 258
37 662
2 217
48 621
98 74
7 976
88 943
28 285
35 987
77 999
13 414
86 657
59 756
57 388
79 658
32 292
91 770
4 687
81 106
14 230
89 158
70 523
87 753
8 844
41 207
37 309
1 509
50 364
96 477
28 967
36 88
41 741
82 593
24 224
49 115
96 259
64 730
19 754
17 280
26 911
17 129
69 180
90 566
83 284
78 986
65 868
72 889
94 621
3 726
71 561
9 679
94 494
33 293
28 580
44 535
65 131
21 90
32 684
5 855
1 80
78 598
97 293
24 246
58 348
14 448
31 192
48 110
0 915
90 313
36 356
87 55
0 203
87 489
24 182
99 234
75 564
44 591
81 7
20 461
0 879
20 646
9 106
61 136
53 849
93 896
90 297
42 72
93 477
23 767
21 286
46 302
5 522
73 87
63 109
29 266
79 839
98 438
21 357
53 656
63 22
16 790
31 883
96 200
40 114
45 399
47 658
62 630
34 283
90 90
32 957
64 760
20 267
3 429
